0	0.0000	0.0000	0.0000	0.0000	0.0000
0	0.0000	0.0000	0.0000	0.0000	0.0000
1	0.0050	0.0050	0.0000	0.0000	0.0000
2	0.0100	0.0100	0.0000	0.0000	0.0000
3	0.0150	0.0150	0.0000	0.0000	0.0000
4	0.0200	0.0200	0.0001	0.0000	0.0000
5	0.0250	0.0250	0.0002	0.0000	0.0000
6	0.0300	0.0300	0.0004	0.0000	0.0000
7	0.0350	0.0350	0.0006	0.0000	0.0004
8	0.0400	0.0400	0.0009	0.0000	0.0004
9	0.0450	0.0450	0.0012	0.0000	0.0004
10	0.0500	0.0500	0.0015	0.0000	-0.0000
11	0.0550	0.0550	0.0019	0.0000	-0.0000
12	0.0600	0.0600	0.0025	0.0000	-0.0000
13	0.0650	0.0650	0.0030	0.0000	-0.0000
14	0.0700	0.0700	0.0035	0.0000	-0.0000
15	0.0750	0.0750	0.0041	0.0000	-0.0000
16	0.0800	0.0800	0.0047	0.0000	-0.0000
17	0.0850	0.0850	0.0054	0.0000	0.0004
18	0.0900	0.0900	0.0061	0.0000	-0.0000
19	0.0950	0.0950	0.0070	0.0000	-0.0000
20	0.1000	0.1000	0.0079	0.0000	-0.0000
21	0.1050	0.1050	0.0088	0.0000	-0.0000
22	0.1100	0.1100	0.0097	0.0000	-0.0000
23	0.1150	0.1150	0.0108	0.0000	-0.0000
24	0.1200	0.1200	0.0119	0.0000	-0.0000
25	0.1250	0.1250	0.0130	0.0000	-0.0000
26	0.1300	0.1300	0.0141	0.0000	-0.0000
27	0.1350	0.1350	0.0154	0.0000	-0.0000
28	0.1400	0.1400	0.0167	0.0000	-0.0000
29	0.1450	0.1450	0.0180	0.0000	0.0004
30	0.1500	0.1500	0.0194	0.0000	-0.0000
31	0.1550	0.1550	0.0208	0.0000	-0.0000
32	0.1600	0.1600	0.0222	0.0000	-0.0000
33	0.1650	0.1650	0.0238	0.0000	-0.0000
34	0.1700	0.1700	0.0254	0.0000	-0.0000
35	0.1750	0.1750	0.0269	0.0000	-0.0000
36	0.1800	0.1800	0.0287	0.0000	-0.0000
37	0.1850	0.1850	0.0304	0.0000	0.0004
38	0.1900	0.1900	0.0322	0.0000	-0.0000
39	0.1950	0.1950	0.0340	0.0000	0.0004
40	0.2000	0.2000	0.0359	0.0000	-0.0000
41	0.2050	0.2050	0.0378	0.0000	-0.0000
42	0.2100	0.2100	0.0397	0.0000	-0.0000
43	0.2150	0.2150	0.0418	0.0000	-0.0000
44	0.2200	0.2200	0.0438	0.0000	-0.0000
45	0.2250	0.2250	0.0460	0.0000	-0.0000
46	0.2300	0.2300	0.0482	0.0000	-0.0000
47	0.2350	0.2350	0.0504	0.0000	-0.0000
48	0.2400	0.2400	0.0527	0.0000	-0.0000
49	0.2450	0.2450	0.0550	0.0000	0.0004
50	0.2500	0.2500	0.0574	0.0000	-0.0000
51	0.2550	0.2550	0.0598	0.0000	0.0004
52	0.2600	0.2600	0.0623	0.0000	-0.0000
53	0.2650	0.2650	0.0647	0.0000	-0.0000
54	0.2700	0.2700	0.0674	0.0000	-0.0000
55	0.2750	0.2750	0.0700	0.0000	-0.0000
56	0.2800	0.2800	0.0726	0.0000	-0.0000
57	0.2850	0.2850	0.0754	0.0000	-0.0000
58	0.2900	0.2900	0.0782	0.0000	-0.0000
59	0.2950	0.2950	0.0809	0.0000	-0.0000
60	0.3000	0.3000	0.0839	0.0000	-0.0000
61	0.3000	0.3000	0.0868	0.0000	-0.0000
62	0.3000	0.3000	0.0897	0.0000	-0.0000
63	0.3000	0.3000	0.0928	0.0000	0.0004
64	0.3000	0.3000	0.0958	0.0000	-0.0000
65	0.3000	0.3000	0.0988	0.0000	-0.0000
66	0.3000	0.3000	0.1017	0.0000	-0.0000
67	0.3000	0.3000	0.1048	0.0000	-0.0000
68	0.3000	0.3000	0.1078	0.0000	-0.0000
69	0.3000	0.3000	0.1107	0.0000	-0.0000
70	0.3000	0.3000	0.1138	0.0000	0.0004
71	0.3000	0.3000	0.1168	0.0000	-0.0000
72	0.3000	0.3000	0.1198	0.0000	-0.0000
73	0.3000	0.3000	0.1227	0.0000	-0.0000
74	0.3000	0.3000	0.1258	0.0000	-0.0000
75	0.3000	0.3000	0.1288	0.0000	-0.0000
76	0.3000	0.3000	0.1317	0.0000	-0.0000
77	0.3000	0.3000	0.1348	0.0000	0.0004
78	0.3000	0.3000	0.1378	0.0000	-0.0000
79	0.3000	0.3000	0.1408	0.0000	-0.0000
80	0.3000	0.3000	0.1437	0.0000	-0.0000
81	0.3000	0.3000	0.1468	0.0000	-0.0000
82	0.3000	0.3000	0.1498	0.0000	-0.0000
83	0.3000	0.3000	0.1527	0.0000	-0.0000
84	0.3000	0.3000	0.1558	0.0000	0.0004
85	0.3000	0.3000	0.1588	0.0000	-0.0000
86	0.3000	0.3000	0.1618	0.0000	-0.0000
87	0.3000	0.3000	0.1647	0.0000	-0.0000
88	0.3000	0.3000	0.1678	0.0000	0.0004
89	0.3000	0.3000	0.1708	0.0000	-0.0000
90	0.3000	0.3000	0.1738	0.0000	-0.0000
91	0.3000	0.3000	0.1768	0.0000	0.0004
92	0.3000	0.3000	0.1798	0.0000	-0.0000
93	0.3000	0.3000	0.1828	0.0000	-0.0000
94	0.3000	0.3000	0.1857	0.0000	-0.0000
95	0.3000	0.3000	0.1888	0.0000	0.0004
96	0.3000	0.3000	0.1918	0.0000	-0.0000
97	0.3000	0.3000	0.1948	0.0000	-0.0000
98	0.3000	0.3000	0.1978	0.0000	0.0004
99	0.3000	0.3000	0.2008	0.0000	-0.0000
100	0.3000	0.3000	0.2038	0.0000	-0.0000
101	0.3000	0.3000	0.2067	0.0000	-0.0000
102	0.3000	0.3000	0.2098	0.0000	0.0004
103	0.3000	0.3000	0.2128	0.0000	-0.0000
104	0.3000	0.3000	0.2158	0.0000	-0.0000
105	0.3000	0.3000	0.2187	0.0000	-0.0000
106	0.3000	0.3000	0.2218	0.0000	-0.0000
107	0.3000	0.3000	0.2248	0.0000	-0.0000
108	0.3000	0.3000	0.2277	0.0000	-0.0000
109	0.3000	0.3000	0.2308	0.0000	0.0004
110	0.3000	0.3000	0.2338	0.0000	-0.0000
111	0.3000	0.3000	0.2368	0.0000	-0.0000
112	0.3000	0.3000	0.2397	0.0000	-0.0000
113	0.3000	0.3000	0.2428	0.0000	-0.0000
114	0.3000	0.3000	0.2458	0.0000	-0.0000
115	0.3000	0.3000	0.2487	0.0000	-0.0000
116	0.3000	0.3000	0.2518	0.0000	0.0004
117	0.3000	0.3000	0.2548	0.0000	-0.0000
118	0.3000	0.3000	0.2578	0.0000	-0.0000
119	0.3000	0.3000	0.2607	0.0000	-0.0000
120	0.3000	0.3000	0.2638	0.0000	-0.0000
121	0.3000	0.3000	0.2668	0.0000	-0.0000
122	0.3000	0.3000	0.2697	0.0000	-0.0000
123	0.3000	0.3000	0.2728	0.0000	0.0004
124	0.3000	0.3000	0.2758	0.0000	-0.0000
125	0.3000	0.3000	0.2788	0.0000	-0.0000
126	0.3000	0.3000	0.2817	0.0000	-0.0000
127	0.3000	0.3000	0.2848	0.0000	-0.0000
128	0.3000	0.3000	0.2878	0.0000	-0.0000
129	0.3000	0.3000	0.2907	0.0000	-0.0000
130	0.3000	0.3000	0.2938	0.0000	0.0004
131	0.3000	0.3000	0.2968	0.0000	-0.0000
132	0.3000	0.3000	0.2998	0.0000	-0.0000
133	0.3000	0.3000	0.3027	0.0000	-0.0000
134	0.3000	0.3000	0.3058	0.0000	0.0004
135	0.3000	0.3000	0.3088	0.0000	-0.0000
136	0.3000	0.3000	0.3117	0.0000	-0.0000
137	0.3000	0.3000	0.3148	0.0000	0.0004
138	0.3000	0.3000	0.3178	0.0000	-0.0000
139	0.3000	0.3000	0.3208	0.0000	-0.0000
140	0.3000	0.3000	0.3237	0.0000	-0.0000
141	0.3000	0.3000	0.3268	0.0000	0.0004
142	0.3000	0.3000	0.3298	0.0000	-0.0000
143	0.3000	0.3000	0.3327	0.0000	-0.0000
144	0.3000	0.3000	0.3358	0.0000	0.0004
145	0.3000	0.3000	0.3388	0.0000	-0.0000
146	0.3000	0.3000	0.3418	0.0000	-0.0000
147	0.3000	0.3000	0.3447	0.0000	-0.0000
148	0.3000	0.3000	0.3478	0.0000	0.0004
149	0.3000	0.3000	0.3508	0.0000	-0.0000
150	0.3000	0.3000	0.3538	0.0000	-0.0000
151	0.3000	0.3000	0.3567	0.0000	-0.0000
152	0.3000	0.3000	0.3598	0.0000	-0.0000
153	0.3000	0.3000	0.3628	0.0000	-0.0000
154	0.3000	0.3000	0.3657	0.0000	-0.0000
155	0.3000	0.3000	0.3688	0.0000	0.0004
156	0.3000	0.3000	0.3718	0.0000	-0.0000
157	0.3000	0.3000	0.3748	0.0000	-0.0000
158	0.3000	0.3000	0.3777	0.0000	-0.0000
159	0.3000	0.3000	0.3808	0.0000	-0.0000
160	0.3000	0.3000	0.3838	0.0000	-0.0000
161	0.3000	0.3000	0.3867	0.0000	-0.0000
162	0.3000	0.3000	0.3898	0.0000	0.0004
163	0.3000	0.3000	0.3928	0.0000	-0.0000
164	0.3000	0.3000	0.3958	0.0000	-0.0000
165	0.3000	0.3000	0.3987	0.0000	-0.0000
166	0.3000	0.3000	0.4018	0.0000	-0.0000
167	0.3000	0.3000	0.4048	0.0000	-0.0000
168	0.3000	0.3000	0.4077	0.0000	-0.0000
169	0.3000	0.3000	0.4108	0.0000	0.0004
170	0.3000	0.3000	0.4138	0.0000	-0.0000
171	0.3000	0.3000	0.4168	0.0000	-0.0000
172	0.3000	0.3000	0.4197	0.0000	-0.0000
173	0.3000	0.3000	0.4228	0.0000	-0.0000
174	0.3000	0.3000	0.4258	0.0000	-0.0000
175	0.3000	0.3000	0.4287	0.0000	-0.0000
176	0.3000	0.3000	0.4318	0.0000	0.0004
177	0.3000	0.3000	0.4348	0.0000	-0.0000
178	0.3000	0.3000	0.4378	0.0000	-0.0000
179	0.3000	0.3000	0.4407	0.0000	-0.0000
180	0.3000	0.3000	0.4438	0.0000	0.0004
181	0.3000	0.3000	0.4468	0.0000	-0.0000
182	0.3000	0.3000	0.4497	0.0000	-0.0000
183	0.3000	0.3000	0.4528	0.0000	0.0004
184	0.3000	0.3000	0.4558	0.0000	-0.0000
185	0.3000	0.3000	0.4588	0.0000	-0.0000
186	0.3000	0.3000	0.4617	0.0000	-0.0000
187	0.3000	0.3000	0.4648	0.0000	0.0004
188	0.3000	0.3000	0.4678	0.0000	-0.0000
189	0.3000	0.3000	0.4707	0.0000	-0.0000
190	0.3000	0.3000	0.4738	0.0000	0.0004
191	0.3000	0.3000	0.4768	0.0000	-0.0000
192	0.3000	0.3000	0.4798	0.0000	-0.0000
193	0.3000	0.3000	0.4827	0.0000	-0.0000
194	0.3000	0.3000	0.4858	0.0000	0.0004
195	0.3000	0.3000	0.4888	0.0000	-0.0000
196	0.3000	0.3000	0.4917	0.0000	-0.0000
197	0.3000	0.3000	0.4947	0.0000	-0.0000
198	0.3000	0.3000	0.4978	0.0000	-0.0000
199	0.3000	0.3000	0.5008	0.0000	-0.0000
200	0.3000	0.3000	0.5037	0.0000	-0.0000
201	0.3000	0.3000	0.5068	0.0000	0.0004
202	0.3000	0.3000	0.5098	0.0000	-0.0000
203	0.3000	0.3000	0.5127	0.0000	-0.0000
204	0.3000	0.3000	0.5157	0.0000	-0.0000
205	0.3000	0.3000	0.5188	0.0000	-0.0000
206	0.3000	0.3000	0.5218	0.0000	-0.0000
207	0.3000	0.3000	0.5247	0.0000	-0.0000
208	0.3000	0.3000	0.5278	0.0000	0.0004
209	0.3000	0.3000	0.5308	0.0000	-0.0000
210	0.3000	0.3000	0.5338	0.0000	-0.0000
211	0.3000	0.3000	0.5367	0.0000	-0.0000
212	0.3000	0.3000	0.5398	0.0000	-0.0000
213	0.3000	0.3000	0.5428	0.0000	-0.0000
214	0.3000	0.3000	0.5457	0.0000	-0.0000
215	0.3000	0.3000	0.5488	0.0000	0.0004
216	0.3000	0.3000	0.5518	0.0000	-0.0000
217	0.3000	0.3000	0.5548	0.0000	-0.0000
218	0.3000	0.3000	0.5577	0.0000	-0.0000
219	0.3000	0.3000	0.5608	0.0000	-0.0000
220	0.3000	0.3000	0.5638	0.0000	-0.0000
221	0.3000	0.3000	0.5667	0.0000	-0.0000
222	0.3000	0.3000	0.5698	0.0000	0.0004
223	0.3000	0.3000	0.5728	0.0000	-0.0000
224	0.3000	0.3000	0.5758	0.0000	-0.0000
225	0.3000	0.3000	0.5787	0.0000	-0.0000
226	0.3000	0.3000	0.5817	0.0000	0.0004
227	0.3000	0.3000	0.5848	0.0000	-0.0000
228	0.3000	0.3000	0.5877	0.0000	-0.0000
229	0.3000	0.3000	0.5908	0.0000	0.0004
230	0.3000	0.3000	0.5938	0.0000	-0.0000
231	0.3000	0.3000	0.5968	0.0000	-0.0000
232	0.3000	0.3000	0.5997	0.0000	-0.0000
233	0.3000	0.3000	0.6027	0.0000	0.0004
234	0.3000	0.3000	0.6058	0.0000	-0.0000
235	0.3000	0.3000	0.6087	0.0000	-0.0000
236	0.3000	0.3000	0.6118	0.0000	0.0004
237	0.3000	0.3000	0.6148	0.0000	-0.0000
238	0.3000	0.3000	0.6178	0.0000	-0.0000
239	0.3000	0.3000	0.6207	0.0000	-0.0000
240	0.3000	0.3000	0.6238	0.0000	0.0004
241	0.3000	0.3000	0.6268	0.0000	-0.0000
242	0.3000	0.3000	0.6297	0.0000	-0.0000
243	0.3000	0.3000	0.6327	0.0000	-0.0000
244	0.3000	0.3000	0.6358	0.0000	-0.0000
245	0.3000	0.3000	0.6388	0.0000	-0.0000
246	0.3000	0.3000	0.6417	0.0000	-0.0000
247	0.3000	0.3000	0.6448	0.0000	0.0004
248	0.3000	0.3000	0.6478	0.0000	-0.0000
249	0.3000	0.3000	0.6507	0.0000	-0.0000
250	0.3000	0.3000	0.6537	0.0000	-0.0000
251	0.3000	0.3000	0.6568	0.0000	-0.0000
252	0.3000	0.3000	0.6598	0.0000	-0.0000
253	0.3000	0.3000	0.6627	0.0000	-0.0000
254	0.3000	0.3000	0.6658	0.0001	0.0004
255	0.3000	0.3000	0.6688	0.0001	-0.0000
256	0.3000	0.3000	0.6717	0.0001	-0.0000
257	0.3000	0.3000	0.6747	0.0001	-0.0000
258	0.3000	0.3000	0.6778	0.0001	-0.0000
259	0.3000	0.3000	0.6808	0.0001	-0.0000
260	0.3000	0.3000	0.6837	0.0001	-0.0000
261	0.3000	0.3000	0.6868	0.0001	0.0004
262	0.3000	0.3000	0.6898	0.0001	-0.0000
263	0.3000	0.3000	0.6927	0.0001	-0.0000
264	0.3000	0.3000	0.6957	0.0001	-0.0000
265	0.3000	0.3000	0.6988	0.0001	-0.0000
266	0.3000	0.3000	0.7018	0.0001	-0.0000
267	0.3000	0.3000	0.7047	0.0001	-0.0000
268	0.3000	0.3000	0.7078	0.0001	0.0004
269	0.3000	0.3000	0.7108	0.0001	-0.0000
270	0.3000	0.3000	0.7138	0.0001	-0.0000
271	0.3000	0.3000	0.7167	0.0001	-0.0000
272	0.3000	0.3000	0.7197	0.0001	0.0004
273	0.3000	0.3000	0.7228	0.0001	-0.0000
274	0.3000	0.3000	0.7257	0.0001	-0.0000
275	0.3000	0.3000	0.7288	0.0001	0.0004
276	0.3000	0.3000	0.7318	0.0001	-0.0000
277	0.3000	0.3000	0.7348	0.0001	-0.0000
278	0.3000	0.3000	0.7377	0.0001	-0.0000
279	0.3000	0.3000	0.7407	0.0001	0.0004
280	0.3000	0.3000	0.7438	0.0001	-0.0000
281	0.3000	0.3000	0.7467	0.0001	-0.0000
282	0.3000	0.3000	0.7498	0.0001	0.0004
283	0.3000	0.3000	0.7528	0.0001	-0.0000
284	0.3000	0.3000	0.7558	0.0001	-0.0000
285	0.3000	0.3000	0.7587	0.0001	-0.0000
286	0.3000	0.3000	0.7617	0.0001	0.0004
287	0.3000	0.3000	0.7648	0.0001	-0.0000
288	0.3000	0.3000	0.7677	0.0001	-0.0000
289	0.3000	0.3000	0.7707	0.0001	-0.0000
290	0.3000	0.3000	0.7738	0.0001	-0.0000
291	0.3000	0.3000	0.7768	0.0001	-0.0000
292	0.3000	0.3000	0.7797	0.0001	-0.0000
293	0.3000	0.3000	0.7827	0.0001	0.0004
294	0.3000	0.3000	0.7858	0.0001	-0.0000
295	0.3000	0.3000	0.7887	0.0001	-0.0000
296	0.3000	0.3000	0.7917	0.0001	-0.0000
297	0.3000	0.3000	0.7948	0.0001	-0.0000
298	0.3000	0.3000	0.7978	0.0001	-0.0000
299	0.3000	0.3000	0.8007	0.0001	-0.0000
300	0.3000	0.3000	0.8038	0.0001	0.0004
301	0.3000	0.3000	0.8068	0.0001	-0.0000
302	0.3000	0.3000	0.8097	0.0001	-0.0000
303	0.3000	0.3000	0.8127	0.0001	-0.0000
304	0.3000	0.3000	0.8158	0.0001	-0.0000
305	0.3000	0.3000	0.8188	0.0001	-0.0000
306	0.3000	0.3000	0.8217	0.0001	-0.0000
307	0.3000	0.3000	0.8248	0.0001	0.0004
308	0.3000	0.3000	0.8278	0.0001	-0.0000
309	0.3000	0.3000	0.8307	0.0001	-0.0000
310	0.3000	0.3000	0.8337	0.0001	-0.0000
311	0.3000	0.3000	0.8368	0.0001	-0.0000
312	0.3000	0.3000	0.8398	0.0001	-0.0000
313	0.3000	0.3000	0.8427	0.0001	-0.0000
314	0.3000	0.3000	0.8458	0.0001	0.0004
315	0.3000	0.3000	0.8488	0.0001	-0.0000
316	0.3000	0.3000	0.8517	0.0001	-0.0000
317	0.3000	0.3000	0.8547	0.0001	-0.0000
318	0.3000	0.3000	0.8577	0.0001	0.0004
319	0.3000	0.3000	0.8608	0.0001	-0.0000
320	0.3000	0.3000	0.8637	0.0001	-0.0000
321	0.3000	0.3000	0.8668	0.0001	0.0004
322	0.3000	0.3000	0.8698	0.0001	-0.0000
323	0.3000	0.3000	0.8727	0.0001	-0.0000
324	0.3000	0.3000	0.8757	0.0001	-0.0000
325	0.3000	0.3000	0.8787	0.0001	0.0004
326	0.3000	0.3000	0.8818	0.0001	-0.0000
327	0.3000	0.3000	0.8847	0.0001	-0.0000
328	0.3000	0.3000	0.8878	0.0001	0.0004
329	0.3000	0.3000	0.8908	0.0001	-0.0000
330	0.3000	0.3000	0.8938	0.0001	-0.0000
331	0.3000	0.3000	0.8967	0.0001	-0.0000
332	0.3000	0.3000	0.8997	0.0001	0.0004
333	0.3000	0.3000	0.9028	0.0001	-0.0000
334	0.3000	0.3000	0.9057	0.0001	-0.0000
335	0.3000	0.3000	0.9087	0.0001	-0.0000
336	0.3000	0.3000	0.9118	0.0001	-0.0000
337	0.2970	0.2970	0.9148	0.0001	-0.0000
338	0.2920	0.2920	0.9177	0.0001	-0.0000
339	0.2868	0.2868	0.9206	0.0001	0.0004
340	0.2817	0.2817	0.9236	0.0001	-0.0000
341	0.2765	0.2765	0.9263	0.0001	-0.0000
342	0.2714	0.2714	0.9291	0.0001	0.0004
343	0.2662	0.2662	0.9319	0.0001	-0.0000
344	0.2610	0.2610	0.9345	0.0001	-0.0000
345	0.2559	0.2559	0.9372	0.0001	-0.0000
346	0.2506	0.2506	0.9397	0.0001	-0.0000
347	0.2455	0.2455	0.9422	0.0001	-0.0000
348	0.2404	0.2404	0.9448	0.0001	-0.0000
349	0.2350	0.2350	0.9471	0.0001	-0.0000
350	0.2299	0.2299	0.9496	0.0001	-0.0000
351	0.2245	0.2245	0.9518	0.0001	-0.0000
352	0.2195	0.2195	0.9540	0.0001	0.0004
353	0.2144	0.2144	0.9562	0.0001	-0.0000
354	0.2092	0.2092	0.9583	0.0001	0.0004
355	0.2041	0.2041	0.9604	0.0001	-0.0000
356	0.1989	0.1989	0.9624	0.0001	0.0004
357	0.1938	0.1938	0.9644	0.0001	-0.0000
358	0.1886	0.1886	0.9664	0.0001	-0.0000
359	0.1833	0.1833	0.9682	0.0001	-0.0000
360	0.1782	0.1782	0.9701	0.0001	-0.0000
361	0.1730	0.1730	0.9718	0.0001	-0.0000
362	0.1679	0.1679	0.9736	0.0001	-0.0000
363	0.1626	0.1626	0.9752	0.0001	0.0004
364	0.1573	0.1573	0.9768	0.0001	-0.0000
365	0.1522	0.1522	0.9785	0.0001	-0.0000
366	0.1467	0.1467	0.9799	0.0001	-0.0000
367	0.1417	0.1417	0.9814	0.0001	-0.0000
368	0.1362	0.1362	0.9829	0.0001	-0.0000
369	0.1308	0.1308	0.9842	0.0001	-0.0000
370	0.1257	0.1257	0.9855	0.0001	-0.0000
371	0.1202	0.1202	0.9869	0.0001	-0.0000
372	0.1146	0.1146	0.9881	0.0001	0.0004
373	0.1093	0.1093	0.9892	0.0001	-0.0000
374	0.1038	0.1038	0.9904	0.0001	-0.0000
375	0.0982	0.0982	0.9914	0.0001	-0.0000
376	0.0928	0.0928	0.9923	0.0001	-0.0000
377	0.0877	0.0877	0.9932	0.0001	-0.0000
378	0.0823	0.0823	0.9941	0.0001	-0.0000
379	0.0765	0.0765	0.9950	0.0001	-0.0000
380	0.0709	0.0709	0.9957	0.0001	0.0004
381	0.0653	0.0653	0.9965	0.0001	0.0004
382	0.0595	0.0595	0.9971	0.0001	-0.0000
383	0.0537	0.0537	0.9977	0.0001	-0.0000
384	0.0476	0.0476	0.9982	0.0001	-0.0000
385	0.0419	0.0419	0.9988	0.0001	-0.0000
386	0.0352	0.0352	0.9992	0.0001	-0.0000
387	0.0288	0.0288	0.9996	0.0001	-0.0000
388	0.0205	0.0205	0.9999	0.0001	-0.0000
389	0.0107	0.0107	1.0000	0.0001	0.0004
390	0.0000	0.0000	1.0002	0.0001	0.0004
0	0.0000	0.0000	1.0003	0.0001	0.0004
1	-0.0050	0.0050	1.0003	0.0001	0.0004
2	-0.0100	0.0100	1.0003	0.0001	0.0004
3	-0.0150	0.0150	1.0003	0.0001	0.0004
4	-0.0200	0.0200	1.0004	0.0001	0.0008
5	-0.0250	0.0250	1.0004	0.0001	0.0016
6	-0.0300	0.0300	1.0003	0.0001	0.0028
7	-0.0350	0.0350	1.0004	0.0001	0.0040
8	-0.0400	0.0400	1.0004	0.0001	0.0064
9	-0.0450	0.0450	1.0004	0.0001	0.0088
10	-0.0500	0.0500	1.0004	0.0001	0.0120
11	-0.0550	0.0550	1.0004	0.0001	0.0152
12	-0.0600	0.0600	1.0004	0.0001	0.0192
13	-0.0650	0.0650	1.0004	0.0001	0.0232
14	-0.0700	0.0700	1.0004	0.0001	0.0272
15	-0.0750	0.0750	1.0004	0.0001	0.0320
16	-0.0800	0.0800	1.0004	0.0001	0.0360
17	-0.0850	0.0850	1.0004	0.0001	0.0416
18	-0.0900	0.0900	1.0004	0.0001	0.0480
19	-0.0950	0.0950	1.0004	0.0001	0.0544
20	-0.1000	0.1000	1.0004	0.0001	0.0616
21	-0.1050	0.1050	1.0003	0.0001	0.0684
22	-0.1100	0.1100	1.0004	0.0001	0.0760
23	-0.1150	0.1150	1.0004	0.0001	0.0840
24	-0.1200	0.1200	1.0004	0.0001	0.0928
25	-0.1250	0.1250	1.0003	0.0001	0.1012
26	-0.1300	0.1300	1.0004	0.0001	0.1105
27	-0.1350	0.1350	1.0004	0.0001	0.1201
28	-0.1400	0.1400	1.0004	0.0001	0.1305
29	-0.1450	0.1450	1.0004	0.0001	0.1401
30	-0.1500	0.1500	1.0004	0.0001	0.1513
31	-0.1550	0.1550	1.0004	0.0001	0.1625
32	-0.1600	0.1600	1.0004	0.0001	0.1737
33	-0.1650	0.1650	1.0004	0.0001	0.1857
34	-0.1700	0.1700	1.0004	0.0001	0.1985
35	-0.1750	0.1750	1.0004	0.0001	0.2105
36	-0.1800	0.1800	1.0004	0.0001	0.2241
37	-0.1850	0.1850	1.0004	0.0001	0.2369
38	-0.1900	0.1900	1.0004	0.0001	0.2513
39	-0.1950	0.1950	1.0004	0.0001	0.2649
40	-0.2000	0.2000	1.0004	0.0001	0.2801
41	-0.2050	0.2050	1.0004	0.0001	0.2953
42	-0.2100	0.2100	1.0004	0.0001	0.3105
43	-0.2150	0.2150	1.0004	0.0001	0.3266
44	-0.2200	0.2200	1.0004	0.0001	0.3426
45	-0.2250	0.2250	1.0004	0.0001	0.3594
46	-0.2300	0.2300	1.0004	0.0001	0.3762
47	-0.2350	0.2350	1.0004	0.0001	0.3938
48	-0.2400	0.2400	1.0004	0.0001	0.4114
49	-0.2450	0.2450	1.0004	0.0001	0.4290
50	-0.2500	0.2500	1.0004	0.0001	0.4482
51	-0.2550	0.2550	1.0004	0.0001	0.4666
52	-0.2600	0.2600	1.0004	0.0001	0.4866
53	-0.2650	0.2650	1.0004	0.0001	0.5058
54	-0.2700	0.2700	1.0004	0.0001	0.5258
55	-0.2750	0.2750	1.0004	0.0001	0.5467
56	-0.2800	0.2800	1.0004	0.0001	0.5675
57	-0.2850	0.2850	1.0004	0.0001	0.5891
58	-0.2900	0.2900	1.0004	0.0001	0.6107
59	-0.2950	0.2950	1.0004	0.0001	0.6323
60	-0.3000	0.3000	1.0004	0.0001	0.6555
61	-0.3000	0.3000	1.0004	0.0001	0.6779
62	-0.3000	0.3000	1.0004	0.0001	0.7011
63	-0.3000	0.3000	1.0004	0.0001	0.7243
64	-0.3000	0.3000	1.0004	0.0001	0.7483
65	-0.3000	0.3000	1.0004	0.0001	0.7716
66	-0.3000	0.3000	1.0004	0.0001	0.7948
67	-0.3000	0.3000	1.0004	0.0001	0.8188
68	-0.3000	0.3000	1.0004	0.0001	0.8420
69	-0.3000	0.3000	1.0004	0.0001	0.8652
70	-0.3000	0.3000	1.0004	0.0001	0.8884
71	-0.2956	0.2956	1.0004	0.0001	0.9124
72	-0.2904	0.2904	1.0004	0.0001	0.9356
73	-0.2852	0.2852	1.0004	0.0001	0.9580
74	-0.2801	0.2801	1.0004	0.0001	0.9813
75	-0.2748	0.2748	1.0004	0.0001	1.0029
76	-0.2697	0.2697	1.0004	0.0001	1.0245
77	-0.2645	0.2645	1.0004	0.0001	1.0461
78	-0.2593	0.2593	1.0004	0.0001	1.0661
79	-0.2543	0.2543	1.0004	0.0001	1.0861
80	-0.2492	0.2492	1.0004	0.0001	1.1061
81	-0.2440	0.2440	1.0004	0.0001	1.1253
82	-0.2389	0.2389	1.0004	0.0001	1.1445
83	-0.2337	0.2337	1.0004	0.0001	1.1629
84	-0.2286	0.2286	1.0004	0.0001	1.1805
85	-0.2236	0.2236	1.0004	0.0001	1.1990
86	-0.2183	0.2183	1.0004	0.0001	1.2158
87	-0.2133	0.2133	1.0004	0.0001	1.2334
88	-0.2079	0.2079	1.0004	0.0001	1.2494
89	-0.2030	0.2030	1.0004	0.0001	1.2662
90	-0.1976	0.1976	1.0004	0.0001	1.2814
91	-0.1926	0.1926	1.0004	0.0001	1.2974
92	-0.1872	0.1872	1.0004	0.0001	1.3118
93	-0.1822	0.1822	1.0004	0.0001	1.3270
94	-0.1768	0.1768	1.0004	0.0001	1.3414
95	-0.1715	0.1715	1.0004	0.0001	1.3550
96	-0.1663	0.1663	1.0004	0.0001	1.3686
97	-0.1610	0.1610	1.0004	0.0001	1.3814
98	-0.1558	0.1558	1.0004	0.0001	1.3942
99	-0.1505	0.1505	1.0004	0.0001	1.4071
100	-0.1450	0.1450	1.0004	0.0001	1.4183
101	-0.1399	0.1399	1.0004	0.0001	1.4303
102	-0.1343	0.1343	1.0004	0.0001	1.4407
103	-0.1293	0.1293	1.0004	0.0001	1.4511
104	-0.1240	0.1240	1.0004	0.0001	1.4615
105	-0.1185	0.1185	1.0004	0.0001	1.4711
106	-0.1132	0.1132	1.0004	0.0001	1.4799
107	-0.1081	0.1081	1.0004	0.0001	1.4887
108	-0.1028	0.1028	1.0004	0.0001	1.4975
109	-0.0971	0.0971	1.0004	0.0000	1.5051
110	-0.0920	0.0920	1.0004	0.0001	1.5127
111	-0.0865	0.0865	1.0004	0.0001	1.5199
112	-0.0810	0.0810	1.0004	0.0001	1.5271
113	-0.0751	0.0751	1.0004	0.0001	1.5335
114	-0.0695	0.0695	1.0004	0.0001	1.5391
115	-0.0641	0.0641	1.0004	0.0001	1.5447
116	-0.0582	0.0582	1.0004	0.0001	1.5495
117	-0.0527	0.0527	1.0004	0.0001	1.5543
118	-0.0465	0.0465	1.0004	0.0001	1.5583
119	-0.0406	0.0406	1.0004	0.0001	1.5623
120	-0.0337	0.0337	1.0004	0.0001	1.5655
121	-0.0269	0.0269	1.0004	0.0001	1.5687
122	-0.0178	0.0178	1.0004	0.0000	1.5707
123	-0.0078	0.0078	1.0004	0.0001	1.5719
124	0.0000	0.0000	1.0004	0.0001	1.5727
0	0.0000	0.0000	1.0004	0.0001	1.5727
1	0.0050	0.0050	1.0004	0.0001	1.5727
2	0.0100	0.0100	1.0004	0.0001	1.5727
3	0.0150	0.0150	1.0004	0.0001	1.5727
4	0.0200	0.0200	1.0004	0.0001	1.5731
5	0.0250	0.0250	1.0004	0.0002	1.5731
6	0.0300	0.0300	1.0004	0.0004	1.5735
7	0.0350	0.0350	1.0004	0.0006	1.5735
8	0.0400	0.0400	1.0004	0.0009	1.5735
9	0.0450	0.0450	1.0004	0.0012	1.5735
10	0.0500	0.0500	1.0004	0.0016	1.5735
11	0.0550	0.0550	1.0004	0.0020	1.5735
12	0.0600	0.0600	1.0004	0.0025	1.5735
13	0.0650	0.0650	1.0004	0.0030	1.5735
14	0.0700	0.0700	1.0004	0.0036	1.5735
15	0.0750	0.0750	1.0004	0.0041	1.5731
16	0.0800	0.0800	1.0004	0.0047	1.5735
17	0.0850	0.0850	1.0004	0.0054	1.5735
18	0.0900	0.0900	1.0004	0.0062	1.5735
19	0.0950	0.0950	1.0004	0.0070	1.5735
20	0.1000	0.1000	1.0004	0.0080	1.5735
21	0.1050	0.1050	1.0004	0.0088	1.5735
22	0.1100	0.1100	1.0004	0.0098	1.5735
23	0.1150	0.1150	1.0004	0.0108	1.5735
24	0.1200	0.1200	1.0004	0.0120	1.5735
25	0.1250	0.1250	1.0004	0.0130	1.5735
26	0.1300	0.1300	1.0004	0.0142	1.5735
27	0.1350	0.1350	1.0004	0.0154	1.5735
28	0.1400	0.1400	1.0004	0.0167	1.5731
29	0.1450	0.1450	1.0003	0.0180	1.5735
30	0.1500	0.1500	1.0003	0.0194	1.5735
31	0.1550	0.1550	1.0003	0.0208	1.5731
32	0.1600	0.1600	1.0003	0.0223	1.5735
33	0.1650	0.1650	1.0003	0.0238	1.5735
34	0.1700	0.1700	1.0003	0.0254	1.5735
35	0.1750	0.1750	1.0003	0.0270	1.5735
36	0.1800	0.1800	1.0003	0.0288	1.5735
37	0.1850	0.1850	1.0003	0.0304	1.5735
38	0.1900	0.1900	1.0003	0.0322	1.5735
39	0.1950	0.1950	1.0003	0.0340	1.5735
40	0.2000	0.2000	1.0003	0.0359	1.5735
41	0.2050	0.2050	1.0003	0.0378	1.5731
42	0.2100	0.2100	1.0003	0.0398	1.5735
43	0.2150	0.2150	1.0003	0.0418	1.5731
44	0.2200	0.2200	1.0003	0.0439	1.5735
45	0.2250	0.2250	1.0003	0.0460	1.5731
46	0.2300	0.2300	1.0003	0.0482	1.5735
47	0.2350	0.2350	1.0003	0.0504	1.5735
48	0.2400	0.2400	1.0003	0.0527	1.5735
49	0.2450	0.2450	1.0003	0.0550	1.5735
50	0.2500	0.2500	1.0002	0.0574	1.5735
51	0.2550	0.2550	1.0002	0.0598	1.5735
52	0.2600	0.2600	1.0002	0.0624	1.5735
53	0.2650	0.2650	1.0002	0.0648	1.5735
54	0.2700	0.2700	1.0002	0.0674	1.5735
55	0.2750	0.2750	1.0002	0.0700	1.5735
56	0.2800	0.2800	1.0002	0.0727	1.5735
57	0.2850	0.2850	1.0002	0.0754	1.5731
58	0.2900	0.2900	1.0002	0.0782	1.5735
59	0.2950	0.2950	1.0002	0.0810	1.5735
60	0.3000	0.3000	1.0002	0.0839	1.5735
61	0.3000	0.3000	1.0002	0.0868	1.5735
62	0.3000	0.3000	1.0002	0.0898	1.5735
63	0.3000	0.3000	1.0001	0.0928	1.5735
64	0.3000	0.3000	1.0001	0.0959	1.5735
65	0.3000	0.3000	1.0001	0.0988	1.5735
66	0.3000	0.3000	1.0001	0.1018	1.5735
67	0.3000	0.3000	1.0001	0.1048	1.5735
68	0.3000	0.3000	1.0001	0.1079	1.5735
69	0.3000	0.3000	1.0001	0.1108	1.5735
70	0.3000	0.3000	1.0001	0.1138	1.5735
71	0.3000	0.3000	1.0001	0.1168	1.5731
72	0.3000	0.3000	1.0001	0.1198	1.5735
73	0.3000	0.3000	1.0001	0.1228	1.5735
74	0.3000	0.3000	1.0001	0.1258	1.5735
75	0.3000	0.3000	1.0001	0.1289	1.5735
76	0.3000	0.3000	1.0000	0.1318	1.5735
77	0.3000	0.3000	1.0000	0.1348	1.5735
78	0.3000	0.3000	1.0000	0.1378	1.5731
79	0.3000	0.3000	1.0000	0.1408	1.5735
80	0.3000	0.3000	1.0000	0.1438	1.5735
81	0.3000	0.3000	1.0000	0.1468	1.5735
82	0.3000	0.3000	1.0000	0.1499	1.5735
83	0.3000	0.3000	1.0000	0.1528	1.5735
84	0.3000	0.3000	1.0000	0.1558	1.5735
85	0.3000	0.3000	1.0000	0.1588	1.5731
86	0.3000	0.3000	1.0000	0.1618	1.5735
87	0.3000	0.3000	1.0000	0.1648	1.5735
88	0.3000	0.3000	0.9999	0.1678	1.5735
89	0.3000	0.3000	0.9999	0.1709	1.5735
90	0.3000	0.3000	0.9999	0.1738	1.5735
91	0.3000	0.3000	0.9999	0.1768	1.5735
92	0.3000	0.3000	0.9999	0.1798	1.5731
93	0.3000	0.3000	0.9999	0.1828	1.5735
94	0.3000	0.3000	0.9999	0.1858	1.5735
95	0.3000	0.3000	0.9999	0.1888	1.5735
96	0.3000	0.3000	0.9999	0.1919	1.5735
97	0.3000	0.3000	0.9999	0.1948	1.5735
98	0.3000	0.3000	0.9999	0.1978	1.5735
99	0.3000	0.3000	0.9999	0.2008	1.5731
100	0.3000	0.3000	0.9999	0.2038	1.5735
101	0.3000	0.3000	0.9998	0.2068	1.5735
102	0.3000	0.3000	0.9998	0.2098	1.5735
103	0.3000	0.3000	0.9998	0.2129	1.5735
104	0.3000	0.3000	0.9998	0.2158	1.5735
105	0.3000	0.3000	0.9998	0.2188	1.5735
106	0.3000	0.3000	0.9998	0.2218	1.5731
107	0.3000	0.3000	0.9998	0.2248	1.5735
108	0.3000	0.3000	0.9998	0.2278	1.5735
109	0.3000	0.3000	0.9998	0.2308	1.5735
110	0.3000	0.3000	0.9998	0.2339	1.5735
111	0.3000	0.3000	0.9998	0.2368	1.5735
112	0.3000	0.3000	0.9998	0.2398	1.5735
113	0.3000	0.3000	0.9997	0.2428	1.5735
114	0.3000	0.3000	0.9997	0.2458	1.5735
115	0.3000	0.3000	0.9997	0.2488	1.5735
116	0.3000	0.3000	0.9997	0.2518	1.5735
117	0.3000	0.3000	0.9997	0.2548	1.5731
118	0.3000	0.3000	0.9997	0.2578	1.5735
119	0.3000	0.3000	0.9997	0.2608	1.5735
120	0.3000	0.3000	0.9997	0.2638	1.5735
121	0.3000	0.3000	0.9997	0.2668	1.5735
122	0.3000	0.3000	0.9997	0.2698	1.5735
123	0.3000	0.3000	0.9997	0.2728	1.5735
124	0.3000	0.3000	0.9997	0.2758	1.5731
125	0.3000	0.3000	0.9997	0.2788	1.5735
126	0.3000	0.3000	0.9996	0.2818	1.5735
127	0.3000	0.3000	0.9996	0.2848	1.5735
128	0.3000	0.3000	0.9996	0.2879	1.5735
129	0.3000	0.3000	0.9996	0.2908	1.5735
130	0.3000	0.3000	0.9996	0.2938	1.5735
131	0.3000	0.3000	0.9996	0.2968	1.5731
132	0.3000	0.3000	0.9996	0.2998	1.5735
133	0.3000	0.3000	0.9996	0.3028	1.5735
134	0.3000	0.3000	0.9996	0.3058	1.5735
135	0.3000	0.3000	0.9996	0.3089	1.5735
136	0.3000	0.3000	0.9996	0.3118	1.5735
137	0.3000	0.3000	0.9996	0.3148	1.5735
138	0.3000	0.3000	0.9995	0.3178	1.5731
139	0.3000	0.3000	0.9995	0.3208	1.5735
140	0.3000	0.3000	0.9995	0.3238	1.5735
141	0.3000	0.3000	0.9995	0.3268	1.5735
142	0.3000	0.3000	0.9995	0.3299	1.5735
143	0.3000	0.3000	0.9995	0.3328	1.5735
144	0.3000	0.3000	0.9995	0.3358	1.5735
145	0.3000	0.3000	0.9995	0.3388	1.5731
146	0.3000	0.3000	0.9995	0.3418	1.5735
147	0.3000	0.3000	0.9995	0.3448	1.5735
148	0.3000	0.3000	0.9995	0.3478	1.5735
149	0.3000	0.3000	0.9995	0.3509	1.5735
150	0.3000	0.3000	0.9994	0.3538	1.5735
151	0.3000	0.3000	0.9994	0.3568	1.5735
152	0.3000	0.3000	0.9994	0.3598	1.5731
153	0.3000	0.3000	0.9994	0.3628	1.5735
154	0.3000	0.3000	0.9994	0.3658	1.5735
155	0.3000	0.3000	0.9994	0.3688	1.5735
156	0.3000	0.3000	0.9994	0.3719	1.5735
157	0.3000	0.3000	0.9994	0.3748	1.5735
158	0.3000	0.3000	0.9994	0.3778	1.5735
159	0.3000	0.3000	0.9994	0.3808	1.5735
160	0.3000	0.3000	0.9994	0.3838	1.5735
161	0.3000	0.3000	0.9994	0.3868	1.5735
162	0.3000	0.3000	0.9994	0.3898	1.5735
163	0.3000	0.3000	0.9993	0.3928	1.5731
164	0.3000	0.3000	0.9993	0.3958	1.5735
165	0.3000	0.3000	0.9993	0.3988	1.5735
166	0.3000	0.3000	0.9993	0.4018	1.5735
167	0.3000	0.3000	0.9993	0.4048	1.5735
168	0.3000	0.3000	0.9993	0.4078	1.5735
169	0.3000	0.3000	0.9993	0.4108	1.5735
170	0.3000	0.3000	0.9993	0.4138	1.5731
171	0.3000	0.3000	0.9993	0.4168	1.5735
172	0.3000	0.3000	0.9993	0.4198	1.5735
173	0.3000	0.3000	0.9993	0.4228	1.5735
174	0.3000	0.3000	0.9993	0.4258	1.5735
175	0.3000	0.3000	0.9992	0.4288	1.5735
176	0.3000	0.3000	0.9992	0.4318	1.5735
177	0.3000	0.3000	0.9992	0.4348	1.5731
178	0.3000	0.3000	0.9992	0.4378	1.5735
179	0.3000	0.3000	0.9992	0.4408	1.5735
180	0.3000	0.3000	0.9992	0.4438	1.5735
181	0.3000	0.3000	0.9992	0.4468	1.5735
182	0.3000	0.3000	0.9992	0.4498	1.5735
183	0.3000	0.3000	0.9992	0.4528	1.5735
184	0.3000	0.3000	0.9992	0.4558	1.5731
185	0.3000	0.3000	0.9992	0.4588	1.5735
186	0.3000	0.3000	0.9992	0.4618	1.5735
187	0.3000	0.3000	0.9992	0.4648	1.5735
188	0.3000	0.3000	0.9991	0.4679	1.5735
189	0.3000	0.3000	0.9991	0.4708	1.5735
190	0.3000	0.3000	0.9991	0.4738	1.5735
191	0.3000	0.3000	0.9991	0.4768	1.5731
192	0.3000	0.3000	0.9991	0.4798	1.5735
193	0.3000	0.3000	0.9991	0.4828	1.5735
194	0.3000	0.3000	0.9991	0.4858	1.5735
195	0.3000	0.3000	0.9991	0.4889	1.5735
196	0.3000	0.3000	0.9991	0.4918	1.5735
197	0.3000	0.3000	0.9991	0.4948	1.5735
198	0.3000	0.3000	0.9991	0.4978	1.5731
199	0.3000	0.3000	0.9991	0.5008	1.5735
200	0.3000	0.3000	0.9990	0.5038	1.5735
201	0.3000	0.3000	0.9990	0.5068	1.5735
202	0.3000	0.3000	0.9990	0.5099	1.5735
203	0.3000	0.3000	0.9990	0.5128	1.5735
204	0.3000	0.3000	0.9990	0.5158	1.5735
205	0.3000	0.3000	0.9990	0.5188	1.5735
206	0.3000	0.3000	0.9990	0.5218	1.5735
207	0.3000	0.3000	0.9990	0.5248	1.5735
208	0.3000	0.3000	0.9990	0.5278	1.5735
209	0.3000	0.3000	0.9990	0.5308	1.5731
210	0.3000	0.3000	0.9990	0.5338	1.5735
211	0.3000	0.3000	0.9990	0.5368	1.5735
212	0.3000	0.3000	0.9990	0.5398	1.5735
213	0.3000	0.3000	0.9989	0.5428	1.5735
214	0.3000	0.3000	0.9989	0.5458	1.5735
215	0.3000	0.3000	0.9989	0.5488	1.5735
216	0.3000	0.3000	0.9989	0.5518	1.5731
217	0.3000	0.3000	0.9989	0.5548	1.5735
218	0.3000	0.3000	0.9989	0.5578	1.5735
219	0.3000	0.3000	0.9989	0.5608	1.5735
220	0.3000	0.3000	0.9989	0.5638	1.5735
221	0.3000	0.3000	0.9989	0.5668	1.5735
222	0.3000	0.3000	0.9989	0.5698	1.5735
223	0.3000	0.3000	0.9989	0.5728	1.5731
224	0.3000	0.3000	0.9989	0.5758	1.5735
225	0.3000	0.3000	0.9988	0.5788	1.5735
226	0.3000	0.3000	0.9988	0.5818	1.5735
227	0.3000	0.3000	0.9988	0.5848	1.5735
228	0.3000	0.3000	0.9988	0.5878	1.5735
229	0.3000	0.3000	0.9988	0.5908	1.5735
230	0.3000	0.3000	0.9988	0.5938	1.5731
231	0.3000	0.3000	0.9988	0.5968	1.5735
232	0.3000	0.3000	0.9988	0.5998	1.5735
233	0.3000	0.3000	0.9988	0.6028	1.5735
234	0.3000	0.3000	0.9988	0.6058	1.5735
235	0.3000	0.3000	0.9988	0.6088	1.5735
236	0.3000	0.3000	0.9988	0.6118	1.5735
237	0.3000	0.3000	0.9988	0.6148	1.5731
238	0.3000	0.3000	0.9987	0.6178	1.5735
239	0.3000	0.3000	0.9987	0.6208	1.5735
240	0.3000	0.3000	0.9987	0.6238	1.5735
241	0.3000	0.3000	0.9987	0.6268	1.5735
242	0.3000	0.3000	0.9987	0.6298	1.5735
243	0.3000	0.3000	0.9987	0.6328	1.5735
244	0.3000	0.3000	0.9987	0.6358	1.5731
245	0.3000	0.3000	0.9987	0.6388	1.5735
246	0.3000	0.3000	0.9987	0.6418	1.5735
247	0.3000	0.3000	0.9987	0.6448	1.5735
248	0.3000	0.3000	0.9987	0.6478	1.5735
249	0.3000	0.3000	0.9987	0.6508	1.5735
250	0.3000	0.3000	0.9986	0.6538	1.5735
251	0.3000	0.3000	0.9986	0.6568	1.5735
252	0.3000	0.3000	0.9986	0.6598	1.5735
253	0.3000	0.3000	0.9986	0.6628	1.5735
254	0.3000	0.3000	0.9986	0.6658	1.5735
255	0.3000	0.3000	0.9986	0.6688	1.5731
256	0.3000	0.3000	0.9986	0.6718	1.5735
257	0.3000	0.3000	0.9986	0.6748	1.5735
258	0.3000	0.3000	0.9986	0.6778	1.5735
259	0.3000	0.3000	0.9986	0.6808	1.5735
260	0.3000	0.3000	0.9986	0.6838	1.5735
261	0.3000	0.3000	0.9986	0.6868	1.5735
262	0.3000	0.3000	0.9986	0.6898	1.5731
263	0.3000	0.3000	0.9985	0.6928	1.5735
264	0.3000	0.3000	0.9985	0.6958	1.5735
265	0.3000	0.3000	0.9985	0.6988	1.5735
266	0.3000	0.3000	0.9985	0.7018	1.5735
267	0.3000	0.3000	0.9985	0.7048	1.5735
268	0.3000	0.3000	0.9985	0.7078	1.5735
269	0.3000	0.3000	0.9985	0.7108	1.5731
270	0.3000	0.3000	0.9985	0.7138	1.5735
271	0.3000	0.3000	0.9985	0.7168	1.5735
272	0.3000	0.3000	0.9985	0.7198	1.5735
273	0.3000	0.3000	0.9985	0.7228	1.5735
274	0.3000	0.3000	0.9985	0.7258	1.5735
275	0.3000	0.3000	0.9984	0.7288	1.5735
276	0.3000	0.3000	0.9984	0.7318	1.5731
277	0.3000	0.3000	0.9984	0.7348	1.5735
278	0.3000	0.3000	0.9984	0.7378	1.5735
279	0.3000	0.3000	0.9984	0.7408	1.5735
280	0.3000	0.3000	0.9984	0.7438	1.5735
281	0.3000	0.3000	0.9984	0.7468	1.5735
282	0.3000	0.3000	0.9984	0.7498	1.5735
283	0.3000	0.3000	0.9984	0.7528	1.5731
284	0.3000	0.3000	0.9984	0.7558	1.5735
285	0.3000	0.3000	0.9984	0.7588	1.5735
286	0.3000	0.3000	0.9984	0.7618	1.5735
287	0.3000	0.3000	0.9983	0.7648	1.5735
288	0.3000	0.3000	0.9983	0.7678	1.5735
289	0.3000	0.3000	0.9983	0.7708	1.5735
290	0.3000	0.3000	0.9983	0.7738	1.5731
291	0.3000	0.3000	0.9983	0.7768	1.5735
292	0.3000	0.3000	0.9983	0.7798	1.5735
293	0.3000	0.3000	0.9983	0.7828	1.5735
294	0.3000	0.3000	0.9983	0.7858	1.5735
295	0.3000	0.3000	0.9983	0.7888	1.5735
296	0.3000	0.3000	0.9983	0.7918	1.5735
297	0.3000	0.3000	0.9983	0.7948	1.5735
298	0.3000	0.3000	0.9983	0.7978	1.5735
299	0.3000	0.3000	0.9983	0.8008	1.5735
300	0.3000	0.3000	0.9982	0.8038	1.5735
301	0.3000	0.3000	0.9982	0.8068	1.5731
302	0.3000	0.3000	0.9982	0.8098	1.5735
303	0.3000	0.3000	0.9982	0.8128	1.5735
304	0.3000	0.3000	0.9982	0.8158	1.5735
305	0.3000	0.3000	0.9982	0.8188	1.5735
306	0.3000	0.3000	0.9982	0.8218	1.5735
307	0.3000	0.3000	0.9982	0.8248	1.5735
308	0.3000	0.3000	0.9982	0.8278	1.5731
309	0.3000	0.3000	0.9982	0.8308	1.5735
310	0.3000	0.3000	0.9982	0.8338	1.5735
311	0.3000	0.3000	0.9982	0.8368	1.5735
312	0.3000	0.3000	0.9981	0.8398	1.5735
313	0.3000	0.3000	0.9981	0.8428	1.5735
314	0.3000	0.3000	0.9981	0.8458	1.5735
315	0.3000	0.3000	0.9981	0.8488	1.5731
316	0.3000	0.3000	0.9981	0.8518	1.5735
317	0.3000	0.3000	0.9981	0.8548	1.5735
318	0.3000	0.3000	0.9981	0.8578	1.5735
319	0.3000	0.3000	0.9981	0.8608	1.5735
320	0.3000	0.3000	0.9981	0.8638	1.5735
321	0.3000	0.3000	0.9981	0.8668	1.5735
322	0.3000	0.3000	0.9981	0.8698	1.5731
323	0.3000	0.3000	0.9981	0.8728	1.5735
324	0.3000	0.3000	0.9981	0.8758	1.5735
325	0.3000	0.3000	0.9980	0.8788	1.5735
326	0.3000	0.3000	0.9980	0.8818	1.5735
327	0.3000	0.3000	0.9980	0.8848	1.5735
328	0.3000	0.3000	0.9980	0.8878	1.5735
329	0.3000	0.3000	0.9980	0.8908	1.5731
330	0.3000	0.3000	0.9980	0.8938	1.5735
331	0.3000	0.3000	0.9980	0.8968	1.5735
332	0.3000	0.3000	0.9980	0.8998	1.5735
333	0.3000	0.3000	0.9980	0.9028	1.5735
334	0.3000	0.3000	0.9980	0.9058	1.5735
335	0.3000	0.3000	0.9980	0.9088	1.5735
336	0.3000	0.3000	0.9980	0.9118	1.5731
337	0.2971	0.2971	0.9979	0.9148	1.5735
338	0.2920	0.2920	0.9979	0.9178	1.5735
339	0.2868	0.2868	0.9979	0.9207	1.5735
340	0.2818	0.2818	0.9979	0.9236	1.5735
341	0.2765	0.2765	0.9979	0.9264	1.5735
342	0.2714	0.2714	0.9979	0.9292	1.5735
343	0.2663	0.2663	0.9979	0.9319	1.5735
344	0.2610	0.2610	0.9979	0.9346	1.5735
345	0.2559	0.2559	0.9979	0.9372	1.5735
346	0.2508	0.2508	0.9979	0.9398	1.5735
347	0.2455	0.2455	0.9979	0.9423	1.5735
348	0.2404	0.2404	0.9979	0.9448	1.5731
349	0.2351	0.2351	0.9979	0.9472	1.5735
350	0.2299	0.2299	0.9979	0.9496	1.5735
351	0.2248	0.2248	0.9978	0.9519	1.5735
352	0.2195	0.2195	0.9978	0.9541	1.5735
353	0.2145	0.2145	0.9978	0.9563	1.5735
354	0.2092	0.2092	0.9978	0.9584	1.5735
355	0.2042	0.2042	0.9978	0.9605	1.5735
356	0.1989	0.1989	0.9978	0.9625	1.5735
357	0.1939	0.1939	0.9978	0.9645	1.5735
358	0.1886	0.1886	0.9978	0.9664	1.5735
359	0.1836	0.1836	0.9978	0.9683	1.5735
360	0.1782	0.1782	0.9978	0.9701	1.5731
361	0.1731	0.1731	0.9978	0.9719	1.5735
362	0.1679	0.1679	0.9978	0.9736	1.5735
363	0.1626	0.1626	0.9978	0.9753	1.5735
364	0.1575	0.1575	0.9978	0.9769	1.5735
365	0.1522	0.1522	0.9978	0.9785	1.5731
366	0.1469	0.1469	0.9978	0.9800	1.5735
367	0.1417	0.1417	0.9978	0.9815	1.5735
368	0.1362	0.1362	0.9978	0.9829	1.5731
369	0.1310	0.1310	0.9978	0.9843	1.5735
370	0.1257	0.1257	0.9978	0.9856	1.5735
371	0.1202	0.1202	0.9978	0.9869	1.5731
372	0.1148	0.1148	0.9978	0.9881	1.5735
373	0.1095	0.1095	0.9977	0.9893	1.5735
374	0.1038	0.1038	0.9977	0.9904	1.5735
375	0.0982	0.0982	0.9977	0.9914	1.5735
376	0.0934	0.0934	0.9977	0.9924	1.5735
377	0.0877	0.0877	0.9977	0.9933	1.5735
378	0.0823	0.0823	0.9977	0.9942	1.5735
379	0.0765	0.0765	0.9977	0.9950	1.5731
380	0.0713	0.0713	0.9977	0.9958	1.5735
381	0.0657	0.0657	0.9977	0.9965	1.5735
382	0.0600	0.0600	0.9977	0.9972	1.5735
383	0.0537	0.0537	0.9977	0.9978	1.5735
384	0.0476	0.0476	0.9977	0.9983	1.5735
385	0.0419	0.0419	0.9977	0.9988	1.5735
386	0.0352	0.0352	0.9977	0.9992	1.5731
387	0.0297	0.0297	0.9977	0.9996	1.5731
388	0.0217	0.0217	0.9977	0.9999	1.5735
389	0.0147	0.0147	0.9977	1.0001	1.5735
390	0.0034	0.0034	0.9977	1.0003	1.5735
391	0.0000	0.0000	0.9977	1.0004	1.5735
0	0.0000	0.0000	0.9977	1.0004	1.5735
1	-0.0050	0.0050	0.9977	1.0004	1.5735
2	-0.0100	0.0100	0.9977	1.0004	1.5735
3	-0.0150	0.0150	0.9977	1.0004	1.5735
4	-0.0200	0.0200	0.9977	1.0004	1.5739
5	-0.0250	0.0250	0.9977	1.0004	1.5747
6	-0.0300	0.0300	0.9977	1.0004	1.5763
7	-0.0350	0.0350	0.9977	1.0004	1.5779
8	-0.0400	0.0400	0.9977	1.0005	1.5799
9	-0.0450	0.0450	0.9977	1.0005	1.5823
10	-0.0500	0.0500	0.9977	1.0005	1.5855
11	-0.0550	0.0550	0.9977	1.0005	1.5887
12	-0.0600	0.0600	0.9977	1.0005	1.5927
13	-0.0650	0.0650	0.9977	1.0004	1.5963
14	-0.0700	0.0700	0.9977	1.0004	1.6003
15	-0.0750	0.0750	0.9977	1.0004	1.6051
16	-0.0800	0.0800	0.9977	1.0004	1.6099
17	-0.0850	0.0850	0.9977	1.0005	1.6151
18	-0.0900	0.0900	0.9977	1.0005	1.6215
19	-0.0950	0.0950	0.9977	1.0005	1.6280
20	-0.1000	0.1000	0.9977	1.0004	1.6348
21	-0.1050	0.1050	0.9977	1.0004	1.6420
22	-0.1100	0.1100	0.9977	1.0005	1.6496
23	-0.1150	0.1150	0.9977	1.0005	1.6576
24	-0.1200	0.1200	0.9977	1.0004	1.6660
25	-0.1250	0.1250	0.9977	1.0004	1.6748
26	-0.1300	0.1300	0.9977	1.0005	1.6840
27	-0.1350	0.1350	0.9977	1.0004	1.6932
28	-0.1400	0.1400	0.9977	1.0004	1.7036
29	-0.1450	0.1450	0.9977	1.0005	1.7136
30	-0.1500	0.1500	0.9977	1.0005	1.7248
31	-0.1550	0.1550	0.9977	1.0004	1.7356
32	-0.1600	0.1600	0.9977	1.0005	1.7472
33	-0.1650	0.1650	0.9977	1.0004	1.7588
34	-0.1700	0.1700	0.9977	1.0004	1.7716
35	-0.1750	0.1750	0.9977	1.0005	1.7840
36	-0.1800	0.1800	0.9977	1.0004	1.7972
37	-0.1850	0.1850	0.9977	1.0005	1.8104
38	-0.1900	0.1900	0.9977	1.0004	1.8244
39	-0.1950	0.1950	0.9977	1.0004	1.8388
40	-0.2000	0.2000	0.9977	1.0005	1.8537
41	-0.2050	0.2050	0.9977	1.0004	1.8685
42	-0.2100	0.2100	0.9977	1.0005	1.8841
43	-0.2150	0.2150	0.9977	1.0004	1.8997
44	-0.2200	0.2200	0.9977	1.0005	1.9161
45	-0.2250	0.2250	0.9977	1.0004	1.9325
46	-0.2300	0.2300	0.9977	1.0005	1.9497
47	-0.2350	0.2350	0.9977	1.0004	1.9669
48	-0.2400	0.2400	0.9977	1.0005	1.9849
49	-0.2450	0.2450	0.9977	1.0004	2.0029
50	-0.2500	0.2500	0.9977	1.0004	2.0213
51	-0.2550	0.2550	0.9977	1.0005	2.0401
52	-0.2600	0.2600	0.9977	1.0004	2.0598
53	-0.2650	0.2650	0.9977	1.0005	2.0794
54	-0.2700	0.2700	0.9977	1.0004	2.0998
55	-0.2750	0.2750	0.9977	1.0004	2.1198
56	-0.2800	0.2800	0.9977	1.0005	2.1410
57	-0.2850	0.2850	0.9977	1.0004	2.1622
58	-0.2900	0.2900	0.9977	1.0004	2.1838
59	-0.2950	0.2950	0.9977	1.0005	2.2058
60	-0.3000	0.3000	0.9977	1.0004	2.2286
61	-0.3000	0.3000	0.9977	1.0004	2.2510
62	-0.3000	0.3000	0.9977	1.0005	2.2747
63	-0.3000	0.3000	0.9977	1.0005	2.2979
64	-0.3000	0.3000	0.9977	1.0004	2.3215
65	-0.3000	0.3000	0.9977	1.0005	2.3451
66	-0.3000	0.3000	0.9977	1.0005	2.3683
67	-0.3000	0.3000	0.9977	1.0004	2.3919
68	-0.3000	0.3000	0.9977	1.0004	2.4151
69	-0.3000	0.3000	0.9977	1.0005	2.4387
70	-0.3000	0.3000	0.9977	1.0005	2.4619
71	-0.2955	0.2955	0.9977	1.0004	2.4855
72	-0.2904	0.2904	0.9977	1.0005	2.5092
73	-0.2851	0.2851	0.9977	1.0005	2.5316
74	-0.2801	0.2801	0.9977	1.0004	2.5544
75	-0.2748	0.2748	0.9977	1.0004	2.5760
76	-0.2697	0.2697	0.9977	1.0005	2.5980
77	-0.2644	0.2644	0.9977	1.0004	2.6192
78	-0.2593	0.2593	0.9977	1.0005	2.6396
79	-0.2542	0.2542	0.9977	1.0005	2.6596
80	-0.2491	0.2491	0.9977	1.0004	2.6792
81	-0.2440	0.2440	0.9977	1.0005	2.6988
82	-0.2388	0.2388	0.9977	1.0004	2.7177
83	-0.2337	0.2337	0.9977	1.0005	2.7365
84	-0.2285	0.2285	0.9977	1.0004	2.7545
85	-0.2234	0.2234	0.9977	1.0004	2.7721
86	-0.2183	0.2183	0.9977	1.0005	2.7893
87	-0.2132	0.2132	0.9977	1.0004	2.8065
88	-0.2079	0.2079	0.9977	1.0005	2.8229
89	-0.2028	0.2028	0.9977	1.0004	2.8393
90	-0.1976	0.1976	0.9977	1.0005	2.8549
91	-0.1925	0.1925	0.9977	1.0004	2.8705
92	-0.1872	0.1872	0.9977	1.0004	2.8857
93	-0.1819	0.1819	0.9977	1.0005	2.9005
94	-0.1766	0.1766	0.9977	1.0004	2.9145
95	-0.1715	0.1715	0.9977	1.0005	2.9286
96	-0.1662	0.1662	0.9977	1.0004	2.9418
97	-0.1610	0.1610	0.9977	1.0005	2.9550
98	-0.1557	0.1557	0.9977	1.0004	2.9674
99	-0.1505	0.1505	0.9977	1.0004	2.9802
100	-0.1450	0.1450	0.9977	1.0004	2.9918
101	-0.1397	0.1397	0.9977	1.0004	3.0034
102	-0.1343	0.1343	0.9977	1.0004	3.0146
103	-0.1289	0.1289	0.9977	1.0004	3.0246
104	-0.1238	0.1238	0.9977	1.0004	3.0346
105	-0.1185	0.1185	0.9977	1.0004	3.0442
106	-0.1132	0.1132	0.9977	1.0004	3.0534
107	-0.1079	0.1079	0.9977	1.0004	3.0622
108	-0.1025	0.1025	0.9977	1.0004	3.0706
109	-0.0971	0.0971	0.9977	1.0004	3.0786
110	-0.0917	0.0917	0.9977	1.0004	3.0862
111	-0.0862	0.0862	0.9977	1.0004	3.0934
112	-0.0807	0.0807	0.9977	1.0004	3.1002
113	-0.0751	0.0751	0.9977	1.0004	3.1066
114	-0.0695	0.0695	0.9977	1.0004	3.1130
115	-0.0633	0.0633	0.9977	1.0004	3.1182
116	-0.0578	0.0578	0.9977	1.0004	3.1230
117	-0.0522	0.0522	0.9977	1.0004	3.1278
118	-0.0459	0.0459	0.9977	1.0004	3.1314
119	-0.0406	0.0406	0.9977	1.0004	3.1354
120	-0.0337	0.0337	0.9977	1.0004	3.1387
121	-0.0269	0.0269	0.9977	1.0004	3.1419
122	-0.0178	0.0178	0.9977	1.0004	3.1443
123	-0.0030	0.0030	0.9977	1.0004	3.1459
124	0.0000	0.0000	0.9977	1.0004	3.1467
0	0.0000	0.0000	0.9977	1.0004	3.1467
1	0.0050	0.0050	0.9977	1.0004	3.1467
2	0.0100	0.0100	0.9977	1.0004	3.1467
3	0.0150	0.0150	0.9977	1.0004	3.1467
4	0.0200	0.0200	0.9977	1.0004	3.1471
5	0.0250	0.0250	0.9976	1.0004	3.1471
6	0.0300	0.0300	0.9974	1.0004	3.1471
7	0.0350	0.0350	0.9972	1.0004	3.1471
8	0.0400	0.0400	0.9969	1.0004	3.1471
9	0.0450	0.0450	0.9966	1.0004	3.1471
10	0.0500	0.0500	0.9962	1.0004	3.1471
11	0.0550	0.0550	0.9957	1.0004	3.1471
12	0.0600	0.0600	0.9953	1.0004	3.1467
13	0.0650	0.0650	0.9948	1.0004	3.1467
14	0.0700	0.0700	0.9943	1.0004	3.1467
15	0.0750	0.0750	0.9937	1.0004	3.1471
16	0.0800	0.0800	0.9931	1.0004	3.1471
17	0.0850	0.0850	0.9924	1.0004	3.1471
18	0.0900	0.0900	0.9915	1.0004	3.1471
19	0.0950	0.0950	0.9908	1.0004	3.1467
20	0.1000	0.1000	0.9899	1.0004	3.1467
21	0.1050	0.1050	0.9890	1.0004	3.1471
22	0.1100	0.1100	0.9880	1.0004	3.1471
23	0.1150	0.1150	0.9870	1.0004	3.1467
24	0.1200	0.1200	0.9859	1.0004	3.1467
25	0.1250	0.1250	0.9848	1.0004	3.1471
26	0.1300	0.1300	0.9836	1.0004	3.1471
27	0.1350	0.1350	0.9824	1.0004	3.1467
28	0.1400	0.1400	0.9811	1.0004	3.1471
29	0.1450	0.1450	0.9798	1.0003	3.1471
30	0.1500	0.1500	0.9784	1.0003	3.1467
31	0.1550	0.1550	0.9769	1.0003	3.1467
32	0.1600	0.1600	0.9755	1.0003	3.1471
33	0.1650	0.1650	0.9740	1.0003	3.1467
34	0.1700	0.1700	0.9724	1.0003	3.1471
35	0.1750	0.1750	0.9707	1.0003	3.1471
36	0.1800	0.1800	0.9691	1.0003	3.1467
37	0.1850	0.1850	0.9674	1.0003	3.1471
38	0.1900	0.1900	0.9656	1.0003	3.1467
39	0.1950	0.1950	0.9638	1.0003	3.1471
40	0.2000	0.2000	0.9619	1.0003	3.1467
41	0.2050	0.2050	0.9600	1.0002	3.1471
42	0.2100	0.2100	0.9579	1.0002	3.1471
43	0.2150	0.2150	0.9560	1.0002	3.1471
44	0.2200	0.2200	0.9538	1.0002	3.1471
45	0.2250	0.2250	0.9518	1.0002	3.1471
46	0.2300	0.2300	0.9496	1.0002	3.1467
47	0.2350	0.2350	0.9474	1.0002	3.1471
48	0.2400	0.2400	0.9451	1.0002	3.1467
49	0.2450	0.2450	0.9428	1.0002	3.1471
50	0.2500	0.2500	0.9404	1.0001	3.1467
51	0.2550	0.2550	0.9380	1.0001	3.1471
52	0.2600	0.2600	0.9355	1.0001	3.1467
53	0.2650	0.2650	0.9329	1.0001	3.1471
54	0.2700	0.2700	0.9304	1.0001	3.1471
55	0.2750	0.2750	0.9278	1.0001	3.1467
56	0.2800	0.2800	0.9251	1.0001	3.1471
57	0.2850	0.2850	0.9224	1.0000	3.1471
58	0.2900	0.2900	0.9196	1.0000	3.1467
59	0.2950	0.2950	0.9168	1.0000	3.1471
60	0.3000	0.3000	0.9139	1.0000	3.1471
61	0.3000	0.3000	0.9110	1.0000	3.1467
62	0.3000	0.3000	0.9079	1.0000	3.1471
63	0.3000	0.3000	0.9050	1.0000	3.1471
64	0.3000	0.3000	0.9020	0.9999	3.1467
65	0.3000	0.3000	0.8990	0.9999	3.1467
66	0.3000	0.3000	0.8960	0.9999	3.1471
67	0.3000	0.3000	0.8930	0.9999	3.1471
68	0.3000	0.3000	0.8900	0.9999	3.1467
69	0.3000	0.3000	0.8869	0.9999	3.1471
70	0.3000	0.3000	0.8840	0.9998	3.1471
71	0.3000	0.3000	0.8810	0.9998	3.1467
72	0.3000	0.3000	0.8780	0.9998	3.1467
73	0.3000	0.3000	0.8750	0.9998	3.1471
74	0.3000	0.3000	0.8720	0.9998	3.1471
75	0.3000	0.3000	0.8690	0.9998	3.1467
76	0.3000	0.3000	0.8659	0.9997	3.1471
77	0.3000	0.3000	0.8630	0.9997	3.1471
78	0.3000	0.3000	0.8600	0.9997	3.1467
79	0.3000	0.3000	0.8570	0.9997	3.1467
80	0.3000	0.3000	0.8540	0.9997	3.1471
81	0.3000	0.3000	0.8510	0.9997	3.1471
82	0.3000	0.3000	0.8480	0.9997	3.1467
83	0.3000	0.3000	0.8450	0.9996	3.1467
84	0.3000	0.3000	0.8420	0.9996	3.1471
85	0.3000	0.3000	0.8390	0.9996	3.1467
86	0.3000	0.3000	0.8360	0.9996	3.1467
87	0.3000	0.3000	0.8330	0.9996	3.1471
88	0.3000	0.3000	0.8300	0.9996	3.1471
89	0.3000	0.3000	0.8270	0.9995	3.1467
90	0.3000	0.3000	0.8240	0.9995	3.1467
91	0.3000	0.3000	0.8210	0.9995	3.1471
92	0.3000	0.3000	0.8180	0.9995	3.1471
93	0.3000	0.3000	0.8150	0.9995	3.1467
94	0.3000	0.3000	0.8120	0.9995	3.1471
95	0.3000	0.3000	0.8090	0.9994	3.1471
96	0.3000	0.3000	0.8060	0.9994	3.1467
97	0.3000	0.3000	0.8030	0.9994	3.1467
98	0.3000	0.3000	0.8000	0.9994	3.1471
99	0.3000	0.3000	0.7970	0.9994	3.1471
100	0.3000	0.3000	0.7940	0.9994	3.1467
101	0.3000	0.3000	0.7910	0.9994	3.1471
102	0.3000	0.3000	0.7880	0.9993	3.1471
103	0.3000	0.3000	0.7850	0.9993	3.1467
104	0.3000	0.3000	0.7820	0.9993	3.1467
105	0.3000	0.3000	0.7790	0.9993	3.1471
106	0.3000	0.3000	0.7760	0.9993	3.1471
107	0.3000	0.3000	0.7730	0.9993	3.1467
108	0.3000	0.3000	0.7700	0.9992	3.1471
109	0.3000	0.3000	0.7670	0.9992	3.1471
110	0.3000	0.3000	0.7640	0.9992	3.1467
111	0.3000	0.3000	0.7610	0.9992	3.1467
112	0.3000	0.3000	0.7580	0.9992	3.1471
113	0.3000	0.3000	0.7550	0.9992	3.1471
114	0.3000	0.3000	0.7520	0.9991	3.1467
115	0.3000	0.3000	0.7490	0.9991	3.1471
116	0.3000	0.3000	0.7460	0.9991	3.1471
117	0.3000	0.3000	0.7430	0.9991	3.1467
118	0.3000	0.3000	0.7400	0.9991	3.1467
119	0.3000	0.3000	0.7370	0.9991	3.1471
120	0.3000	0.3000	0.7340	0.9990	3.1471
121	0.3000	0.3000	0.7310	0.9990	3.1467
122	0.3000	0.3000	0.7280	0.9990	3.1467
123	0.3000	0.3000	0.7250	0.9990	3.1471
124	0.3000	0.3000	0.7220	0.9990	3.1467
125	0.3000	0.3000	0.7190	0.9990	3.1467
126	0.3000	0.3000	0.7160	0.9990	3.1471
127	0.3000	0.3000	0.7130	0.9989	3.1471
128	0.3000	0.3000	0.7100	0.9989	3.1467
129	0.3000	0.3000	0.7070	0.9989	3.1467
130	0.3000	0.3000	0.7040	0.9989	3.1471
131	0.3000	0.3000	0.7010	0.9989	3.1467
132	0.3000	0.3000	0.6980	0.9989	3.1467
133	0.3000	0.3000	0.6950	0.9988	3.1471
134	0.3000	0.3000	0.6920	0.9988	3.1471
135	0.3000	0.3000	0.6890	0.9988	3.1467
136	0.3000	0.3000	0.6860	0.9988	3.1467
137	0.3000	0.3000	0.6830	0.9988	3.1471
138	0.3000	0.3000	0.6800	0.9988	3.1471
139	0.3000	0.3000	0.6770	0.9988	3.1467
140	0.3000	0.3000	0.6740	0.9987	3.1471
141	0.3000	0.3000	0.6710	0.9987	3.1471
142	0.3000	0.3000	0.6680	0.9987	3.1467
143	0.3000	0.3000	0.6650	0.9987	3.1467
144	0.3000	0.3000	0.6620	0.9987	3.1471
145	0.3000	0.3000	0.6590	0.9987	3.1471
146	0.3000	0.3000	0.6560	0.9986	3.1467
147	0.3000	0.3000	0.6530	0.9986	3.1471
148	0.3000	0.3000	0.6500	0.9986	3.1471
149	0.3000	0.3000	0.6470	0.9986	3.1467
150	0.3000	0.3000	0.6440	0.9986	3.1467
151	0.3000	0.3000	0.6410	0.9986	3.1471
152	0.3000	0.3000	0.6380	0.9985	3.1471
153	0.3000	0.3000	0.6350	0.9985	3.1467
154	0.3000	0.3000	0.6320	0.9985	3.1471
155	0.3000	0.3000	0.6290	0.9985	3.1471
156	0.3000	0.3000	0.6260	0.9985	3.1467
157	0.3000	0.3000	0.6230	0.9985	3.1467
158	0.3000	0.3000	0.6200	0.9984	3.1471
159	0.3000	0.3000	0.6170	0.9984	3.1471
160	0.3000	0.3000	0.6140	0.9984	3.1467
161	0.3000	0.3000	0.6110	0.9984	3.1471
162	0.3000	0.3000	0.6080	0.9984	3.1471
163	0.3000	0.3000	0.6050	0.9984	3.1467
164	0.3000	0.3000	0.6020	0.9984	3.1467
165	0.3000	0.3000	0.5990	0.9983	3.1471
166	0.3000	0.3000	0.5960	0.9983	3.1471
167	0.3000	0.3000	0.5930	0.9983	3.1467
168	0.3000	0.3000	0.5900	0.9983	3.1467
169	0.3000	0.3000	0.5870	0.9983	3.1471
170	0.3000	0.3000	0.5840	0.9983	3.1467
171	0.3000	0.3000	0.5810	0.9982	3.1467
172	0.3000	0.3000	0.5780	0.9982	3.1471
173	0.3000	0.3000	0.5750	0.9982	3.1471
174	0.3000	0.3000	0.5720	0.9982	3.1467
175	0.3000	0.3000	0.5690	0.9982	3.1467
176	0.3000	0.3000	0.5660	0.9982	3.1471
177	0.3000	0.3000	0.5630	0.9981	3.1467
178	0.3000	0.3000	0.5600	0.9981	3.1467
179	0.3000	0.3000	0.5570	0.9981	3.1471
180	0.3000	0.3000	0.5540	0.9981	3.1471
181	0.3000	0.3000	0.5510	0.9981	3.1467
182	0.3000	0.3000	0.5480	0.9981	3.1467
183	0.3000	0.3000	0.5450	0.9981	3.1471
184	0.3000	0.3000	0.5420	0.9980	3.1471
185	0.3000	0.3000	0.5390	0.9980	3.1467
186	0.3000	0.3000	0.5360	0.9980	3.1471
187	0.3000	0.3000	0.5330	0.9980	3.1471
188	0.3000	0.3000	0.5300	0.9980	3.1467
189	0.3000	0.3000	0.5270	0.9980	3.1467
190	0.3000	0.3000	0.5240	0.9979	3.1471
191	0.3000	0.3000	0.5210	0.9979	3.1471
192	0.3000	0.3000	0.5180	0.9979	3.1467
193	0.3000	0.3000	0.5150	0.9979	3.1471
194	0.3000	0.3000	0.5120	0.9979	3.1471
195	0.3000	0.3000	0.5090	0.9979	3.1467
196	0.3000	0.3000	0.5060	0.9978	3.1467
197	0.3000	0.3000	0.5030	0.9978	3.1471
198	0.3000	0.3000	0.5000	0.9978	3.1471
199	0.3000	0.3000	0.4970	0.9978	3.1467
200	0.3000	0.3000	0.4940	0.9978	3.1471
201	0.3000	0.3000	0.4910	0.9978	3.1471
202	0.3000	0.3000	0.4880	0.9978	3.1467
203	0.3000	0.3000	0.4850	0.9977	3.1467
204	0.3000	0.3000	0.4820	0.9977	3.1471
205	0.3000	0.3000	0.4790	0.9977	3.1471
206	0.3000	0.3000	0.4760	0.9977	3.1467
207	0.3000	0.3000	0.4730	0.9977	3.1471
208	0.3000	0.3000	0.4700	0.9977	3.1471
209	0.3000	0.3000	0.4670	0.9976	3.1467
210	0.3000	0.3000	0.4640	0.9976	3.1467
211	0.3000	0.3000	0.4610	0.9976	3.1471
212	0.3000	0.3000	0.4580	0.9976	3.1471
213	0.3000	0.3000	0.4550	0.9976	3.1467
214	0.3000	0.3000	0.4520	0.9976	3.1467
215	0.3000	0.3000	0.4490	0.9975	3.1471
216	0.3000	0.3000	0.4460	0.9975	3.1467
217	0.3000	0.3000	0.4430	0.9975	3.1467
218	0.3000	0.3000	0.4400	0.9975	3.1471
219	0.3000	0.3000	0.4370	0.9975	3.1471
220	0.3000	0.3000	0.4340	0.9975	3.1467
221	0.3000	0.3000	0.4310	0.9975	3.1467
222	0.3000	0.3000	0.4280	0.9974	3.1471
223	0.3000	0.3000	0.4250	0.9974	3.1471
224	0.3000	0.3000	0.4220	0.9974	3.1467
225	0.3000	0.3000	0.4190	0.9974	3.1471
226	0.3000	0.3000	0.4160	0.9974	3.1471
227	0.3000	0.3000	0.4130	0.9974	3.1467
228	0.3000	0.3000	0.4100	0.9973	3.1467
229	0.3000	0.3000	0.4070	0.9973	3.1471
230	0.3000	0.3000	0.4040	0.9973	3.1471
231	0.3000	0.3000	0.4010	0.9973	3.1467
232	0.3000	0.3000	0.3980	0.9973	3.1471
233	0.3000	0.3000	0.3950	0.9973	3.1471
234	0.3000	0.3000	0.3920	0.9972	3.1467
235	0.3000	0.3000	0.3890	0.9972	3.1467
236	0.3000	0.3000	0.3860	0.9972	3.1471
237	0.3000	0.3000	0.3830	0.9972	3.1471
238	0.3000	0.3000	0.3800	0.9972	3.1467
239	0.3000	0.3000	0.3770	0.9972	3.1471
240	0.3000	0.3000	0.3740	0.9972	3.1471
241	0.3000	0.3000	0.3710	0.9971	3.1467
242	0.3000	0.3000	0.3680	0.9971	3.1467
243	0.3000	0.3000	0.3650	0.9971	3.1471
244	0.3000	0.3000	0.3620	0.9971	3.1471
245	0.3000	0.3000	0.3590	0.9971	3.1467
246	0.3000	0.3000	0.3560	0.9971	3.1471
247	0.3000	0.3000	0.3530	0.9970	3.1471
248	0.3000	0.3000	0.3500	0.9970	3.1467
249	0.3000	0.3000	0.3470	0.9970	3.1467
250	0.3000	0.3000	0.3440	0.9970	3.1471
251	0.3000	0.3000	0.3410	0.9970	3.1471
252	0.3000	0.3000	0.3380	0.9970	3.1467
253	0.3000	0.3000	0.3350	0.9969	3.1471
254	0.3000	0.3000	0.3320	0.9969	3.1471
255	0.3000	0.3000	0.3290	0.9969	3.1467
256	0.3000	0.3000	0.3260	0.9969	3.1467
257	0.3000	0.3000	0.3230	0.9969	3.1471
258	0.3000	0.3000	0.3200	0.9969	3.1471
259	0.3000	0.3000	0.3170	0.9969	3.1467
260	0.3000	0.3000	0.3140	0.9968	3.1467
261	0.3000	0.3000	0.3110	0.9968	3.1471
262	0.3000	0.3000	0.3080	0.9968	3.1467
263	0.3000	0.3000	0.3050	0.9968	3.1467
264	0.3000	0.3000	0.3020	0.9968	3.1471
265	0.3000	0.3000	0.2990	0.9968	3.1471
266	0.3000	0.3000	0.2960	0.9967	3.1467
267	0.3000	0.3000	0.2930	0.9967	3.1467
268	0.3000	0.3000	0.2900	0.9967	3.1471
269	0.3000	0.3000	0.2870	0.9967	3.1471
270	0.3000	0.3000	0.2840	0.9967	3.1467
271	0.3000	0.3000	0.2810	0.9967	3.1471
272	0.3000	0.3000	0.2780	0.9966	3.1471
273	0.3000	0.3000	0.2750	0.9966	3.1467
274	0.3000	0.3000	0.2720	0.9966	3.1467
275	0.3000	0.3000	0.2690	0.9966	3.1471
276	0.3000	0.3000	0.2660	0.9966	3.1471
277	0.3000	0.3000	0.2630	0.9966	3.1467
278	0.3000	0.3000	0.2600	0.9966	3.1471
279	0.3000	0.3000	0.2570	0.9965	3.1471
280	0.3000	0.3000	0.2540	0.9965	3.1467
281	0.3000	0.3000	0.2510	0.9965	3.1467
282	0.3000	0.3000	0.2480	0.9965	3.1471
283	0.3000	0.3000	0.2450	0.9965	3.1471
284	0.3000	0.3000	0.2420	0.9965	3.1467
285	0.3000	0.3000	0.2390	0.9964	3.1471
286	0.3000	0.3000	0.2360	0.9964	3.1471
287	0.3000	0.3000	0.2330	0.9964	3.1467
288	0.3000	0.3000	0.2300	0.9964	3.1467
289	0.3000	0.3000	0.2270	0.9964	3.1471
290	0.3000	0.3000	0.2240	0.9964	3.1471
291	0.3000	0.3000	0.2210	0.9963	3.1467
292	0.3000	0.3000	0.2180	0.9963	3.1471
293	0.3000	0.3000	0.2150	0.9963	3.1471
294	0.3000	0.3000	0.2120	0.9963	3.1467
295	0.3000	0.3000	0.2090	0.9963	3.1467
296	0.3000	0.3000	0.2060	0.9963	3.1471
297	0.3000	0.3000	0.2030	0.9962	3.1471
298	0.3000	0.3000	0.2000	0.9962	3.1467
299	0.3000	0.3000	0.1970	0.9962	3.1471
300	0.3000	0.3000	0.1940	0.9962	3.1471
301	0.3000	0.3000	0.1910	0.9962	3.1467
302	0.3000	0.3000	0.1880	0.9962	3.1467
303	0.3000	0.3000	0.1850	0.9962	3.1471
304	0.3000	0.3000	0.1820	0.9961	3.1471
305	0.3000	0.3000	0.1790	0.9961	3.1467
306	0.3000	0.3000	0.1760	0.9961	3.1467
307	0.3000	0.3000	0.1730	0.9961	3.1471
308	0.3000	0.3000	0.1700	0.9961	3.1467
309	0.3000	0.3000	0.1670	0.9961	3.1467
310	0.3000	0.3000	0.1640	0.9960	3.1471
311	0.3000	0.3000	0.1610	0.9960	3.1471
312	0.3000	0.3000	0.1580	0.9960	3.1467
313	0.3000	0.3000	0.1550	0.9960	3.1467
314	0.3000	0.3000	0.1520	0.9960	3.1471
315	0.3000	0.3000	0.1490	0.9960	3.1471
316	0.3000	0.3000	0.1460	0.9959	3.1467
317	0.3000	0.3000	0.1430	0.9959	3.1471
318	0.3000	0.3000	0.1400	0.9959	3.1471
319	0.3000	0.3000	0.1370	0.9959	3.1467
320	0.3000	0.3000	0.1340	0.9959	3.1467
321	0.3000	0.3000	0.1310	0.9959	3.1471
322	0.3000	0.3000	0.1280	0.9959	3.1471
323	0.3000	0.3000	0.1250	0.9958	3.1467
324	0.3000	0.3000	0.1220	0.9958	3.1471
325	0.3000	0.3000	0.1190	0.9958	3.1471
326	0.3000	0.3000	0.1160	0.9958	3.1467
327	0.3000	0.3000	0.1130	0.9958	3.1467
328	0.3000	0.3000	0.1100	0.9958	3.1471
329	0.3000	0.3000	0.1070	0.9957	3.1471
330	0.3000	0.3000	0.1040	0.9957	3.1467
331	0.3000	0.3000	0.1010	0.9957	3.1471
332	0.3000	0.3000	0.0980	0.9957	3.1471
333	0.3000	0.3000	0.0950	0.9957	3.1467
334	0.3000	0.3000	0.0920	0.9957	3.1467
335	0.3000	0.3000	0.0890	0.9956	3.1471
336	0.3000	0.3000	0.0860	0.9956	3.1471
337	0.2971	0.2971	0.0830	0.9956	3.1467
338	0.2920	0.2920	0.0800	0.9956	3.1471
339	0.2867	0.2867	0.0771	0.9956	3.1471
340	0.2817	0.2817	0.0742	0.9956	3.1467
341	0.2765	0.2765	0.0714	0.9956	3.1467
342	0.2714	0.2714	0.0686	0.9955	3.1471
343	0.2662	0.2662	0.0659	0.9955	3.1467
344	0.2610	0.2610	0.0632	0.9955	3.1471
345	0.2558	0.2558	0.0606	0.9955	3.1471
346	0.2507	0.2507	0.0580	0.9955	3.1467
347	0.2455	0.2455	0.0555	0.9955	3.1471
348	0.2403	0.2403	0.0530	0.9955	3.1467
349	0.2350	0.2350	0.0506	0.9954	3.1471
350	0.2298	0.2298	0.0482	0.9954	3.1471
351	0.2246	0.2246	0.0459	0.9954	3.1467
352	0.2195	0.2195	0.0437	0.9954	3.1471
353	0.2144	0.2144	0.0415	0.9954	3.1467
354	0.2092	0.2092	0.0394	0.9954	3.1471
355	0.2041	0.2041	0.0373	0.9954	3.1467
356	0.1989	0.1989	0.0353	0.9954	3.1471
357	0.1938	0.1938	0.0333	0.9954	3.1467
358	0.1886	0.1886	0.0314	0.9953	3.1471
359	0.1835	0.1835	0.0295	0.9953	3.1467
360	0.1782	0.1782	0.0277	0.9953	3.1471
361	0.1731	0.1731	0.0259	0.9953	3.1471
362	0.1677	0.1677	0.0242	0.9953	3.1467
363	0.1626	0.1626	0.0225	0.9953	3.1471
364	0.1573	0.1573	0.0209	0.9953	3.1467
365	0.1522	0.1522	0.0193	0.9953	3.1471
366	0.1469	0.1469	0.0178	0.9953	3.1471
367	0.1416	0.1416	0.0163	0.9953	3.1467
368	0.1362	0.1362	0.0149	0.9953	3.1471
369	0.1310	0.1310	0.0135	0.9952	3.1471
370	0.1254	0.1254	0.0122	0.9952	3.1467
371	0.1202	0.1202	0.0109	0.9952	3.1471
372	0.1148	0.1148	0.0097	0.9952	3.1471
373	0.1093	0.1093	0.0085	0.9952	3.1467
374	0.1038	0.1038	0.0074	0.9952	3.1467
375	0.0982	0.0982	0.0064	0.9952	3.1471
376	0.0931	0.0931	0.0054	0.9952	3.1471
377	0.0874	0.0874	0.0045	0.9952	3.1467
378	0.0823	0.0823	0.0036	0.9952	3.1467
379	0.0765	0.0765	0.0028	0.9952	3.1467
380	0.0709	0.0709	0.0020	0.9952	3.1471
381	0.0653	0.0653	0.0013	0.9952	3.1471
382	0.0595	0.0595	0.0006	0.9952	3.1471
383	0.0532	0.0532	0.0000	0.9952	3.1467
384	0.0476	0.0476	-0.0005	0.9952	3.1467
385	0.0419	0.0419	-0.0010	0.9952	3.1467
386	0.0352	0.0352	-0.0014	0.9952	3.1467
387	0.0288	0.0288	-0.0018	0.9952	3.1471
388	0.0217	0.0217	-0.0021	0.9952	3.1471
389	0.0129	0.0129	-0.0023	0.9952	3.1471
390	0.0000	0.0000	-0.0025	0.9952	3.1471
0	0.0000	0.0000	-0.0026	0.9952	3.1471
1	-0.0050	0.0050	-0.0026	0.9952	3.1471
2	-0.0100	0.0100	-0.0026	0.9952	3.1471
3	-0.0150	0.0150	-0.0026	0.9952	3.1471
4	-0.0200	0.0200	-0.0026	0.9952	3.1475
5	-0.0250	0.0250	-0.0026	0.9952	3.1483
6	-0.0300	0.0300	-0.0026	0.9952	3.1499
7	-0.0350	0.0350	-0.0026	0.9952	3.1515
8	-0.0400	0.0400	-0.0026	0.9952	3.1539
9	-0.0450	0.0450	-0.0026	0.9952	3.1555
10	-0.0500	0.0500	-0.0026	0.9952	3.1587
11	-0.0550	0.0550	-0.0026	0.9952	3.1619
12	-0.0600	0.0600	-0.0026	0.9952	3.1659
13	-0.0650	0.0650	-0.0026	0.9952	3.1699
14	-0.0700	0.0700	-0.0026	0.9952	3.1739
15	-0.0750	0.0750	-0.0026	0.9952	3.1787
16	-0.0800	0.0800	-0.0026	0.9952	3.1835
17	-0.0850	0.0850	-0.0026	0.9952	3.1883
18	-0.0900	0.0900	-0.0026	0.9952	3.1947
19	-0.0950	0.0950	-0.0026	0.9952	3.2011
20	-0.1000	0.1000	-0.0026	0.9952	3.2083
21	-0.1050	0.1050	-0.0026	0.9952	3.2155
22	-0.1100	0.1100	-0.0026	0.9952	3.2227
23	-0.1150	0.1150	-0.0026	0.9952	3.2307
24	-0.1200	0.1200	-0.0026	0.9952	3.2395
25	-0.1250	0.1250	-0.0026	0.9952	3.2483
26	-0.1300	0.1300	-0.0026	0.9952	3.2571
27	-0.1350	0.1350	-0.0026	0.9952	3.2667
28	-0.1400	0.1400	-0.0026	0.9952	3.2771
29	-0.1450	0.1450	-0.0026	0.9952	3.2867
30	-0.1500	0.1500	-0.0026	0.9952	3.2979
31	-0.1550	0.1550	-0.0026	0.9952	3.3091
32	-0.1600	0.1600	-0.0026	0.9952	3.3203
33	-0.1650	0.1650	-0.0026	0.9952	3.3323
34	-0.1700	0.1700	-0.0026	0.9952	3.3451
35	-0.1750	0.1750	-0.0026	0.9952	3.3572
36	-0.1800	0.1800	-0.0026	0.9952	3.3708
37	-0.1850	0.1850	-0.0027	0.9952	3.3840
38	-0.1900	0.1900	-0.0026	0.9952	3.3980
39	-0.1950	0.1950	-0.0026	0.9952	3.4124
40	-0.2000	0.2000	-0.0026	0.9952	3.4268
41	-0.2050	0.2050	-0.0026	0.9952	3.4420
42	-0.2100	0.2100	-0.0026	0.9952	3.4572
43	-0.2150	0.2150	-0.0026	0.9952	3.4732
44	-0.2200	0.2200	-0.0026	0.9952	3.4892
45	-0.2250	0.2250	-0.0026	0.9952	3.5060
46	-0.2300	0.2300	-0.0026	0.9952	3.5228
47	-0.2350	0.2350	-0.0026	0.9952	3.5404
48	-0.2400	0.2400	-0.0026	0.9952	3.5580
49	-0.2450	0.2450	-0.0026	0.9952	3.5765
50	-0.2500	0.2500	-0.0026	0.9952	3.5949
51	-0.2550	0.2550	-0.0026	0.9952	3.6133
52	-0.2600	0.2600	-0.0026	0.9952	3.6333
53	-0.2650	0.2650	-0.0026	0.9952	3.6525
54	-0.2700	0.2700	-0.0026	0.9952	3.6733
55	-0.2750	0.2750	-0.0026	0.9952	3.6933
56	-0.2800	0.2800	-0.0026	0.9952	3.7141
57	-0.2850	0.2850	-0.0026	0.9952	3.7357
58	-0.2900	0.2900	-0.0026	0.9952	3.7573
59	-0.2950	0.2950	-0.0026	0.9952	3.7789
60	-0.3000	0.3000	-0.0026	0.9952	3.8022
61	-0.3000	0.3000	-0.0026	0.9952	3.8246
62	-0.3000	0.3000	-0.0026	0.9952	3.8478
63	-0.3000	0.3000	-0.0026	0.9952	3.8718
64	-0.3000	0.3000	-0.0026	0.9952	3.8950
65	-0.3000	0.3000	-0.0026	0.9952	3.9182
66	-0.3000	0.3000	-0.0026	0.9952	3.9414
67	-0.3000	0.3000	-0.0026	0.9952	3.9654
68	-0.3000	0.3000	-0.0026	0.9952	3.9886
69	-0.3000	0.3000	-0.0026	0.9952	4.0119
70	-0.3000	0.3000	-0.0026	0.9952	4.0359
71	-0.2955	0.2955	-0.0026	0.9952	4.0591
72	-0.2904	0.2904	-0.0026	0.9952	4.0823
73	-0.2852	0.2852	-0.0026	0.9952	4.1047
74	-0.2801	0.2801	-0.0026	0.9952	4.1279
75	-0.2748	0.2748	-0.0026	0.9952	4.1495
76	-0.2697	0.2697	-0.0026	0.9952	4.1711
77	-0.2645	0.2645	-0.0026	0.9952	4.1927
78	-0.2593	0.2593	-0.0026	0.9952	4.2127
79	-0.2543	0.2543	-0.0027	0.9951	4.2332
80	-0.2491	0.2491	-0.0026	0.9952	4.2528
81	-0.2440	0.2440	-0.0026	0.9952	4.2720
82	-0.2389	0.2389	-0.0026	0.9952	4.2912
83	-0.2337	0.2337	-0.0026	0.9952	4.3096
84	-0.2286	0.2286	-0.0026	0.9952	4.3280
85	-0.2234	0.2234	-0.0026	0.9952	4.3456
86	-0.2183	0.2183	-0.0026	0.9952	4.3632
87	-0.2131	0.2131	-0.0026	0.9952	4.3800
88	-0.2079	0.2079	-0.0027	0.9951	4.3964
89	-0.2028	0.2028	-0.0026	0.9952	4.4128
90	-0.1976	0.1976	-0.0026	0.9952	4.4288
91	-0.1923	0.1923	-0.0026	0.9952	4.4441
92	-0.1872	0.1872	-0.0026	0.9952	4.4593
93	-0.1819	0.1819	-0.0026	0.9952	4.4737
94	-0.1768	0.1768	-0.0026	0.9952	4.4881
95	-0.1715	0.1715	-0.0026	0.9952	4.5017
96	-0.1663	0.1663	-0.0026	0.9952	4.5153
97	-0.1610	0.1610	-0.0026	0.9952	4.5281
98	-0.1558	0.1558	-0.0026	0.9952	4.5409
99	-0.1505	0.1505	-0.0026	0.9952	4.5537
100	-0.1450	0.1450	-0.0026	0.9952	4.5649
101	-0.1399	0.1399	-0.0026	0.9952	4.5769
102	-0.1343	0.1343	-0.0026	0.9952	4.5881
103	-0.1289	0.1289	-0.0026	0.9952	4.5977
104	-0.1240	0.1240	-0.0026	0.9952	4.6081
105	-0.1185	0.1185	-0.0026	0.9952	4.6177
106	-0.1132	0.1132	-0.0026	0.9952	4.6265
107	-0.1081	0.1081	-0.0026	0.9952	4.6353
108	-0.1028	0.1028	-0.0026	0.9952	4.6441
109	-0.0971	0.0971	-0.0026	0.9952	4.6521
110	-0.0917	0.0917	-0.0026	0.9952	4.6594
111	-0.0865	0.0865	-0.0026	0.9952	4.6666
112	-0.0810	0.0810	-0.0026	0.9952	4.6738
113	-0.0751	0.0751	-0.0026	0.9952	4.6802
114	-0.0695	0.0695	-0.0026	0.9952	4.6866
115	-0.0633	0.0633	-0.0026	0.9952	4.6914
116	-0.0582	0.0582	-0.0026	0.9952	4.6962
117	-0.0527	0.0527	-0.0026	0.9952	4.7010
118	-0.0465	0.0465	-0.0026	0.9952	4.7050
119	-0.0406	0.0406	-0.0026	0.9952	4.7090
120	-0.0337	0.0337	-0.0026	0.9952	4.7122
121	-0.0269	0.0269	-0.0026	0.9952	4.7154
122	-0.0178	0.0178	-0.0026	0.9952	4.7178
123	-0.0030	0.0030	-0.0026	0.9952	4.7194
124	0.0000	0.0000	-0.0026	0.9952	4.7202
0	0.0000	0.0000	-0.0026	0.9952	4.7202
1	0.0050	0.0050	-0.0026	0.9952	4.7202
2	0.0100	0.0100	-0.0026	0.9952	4.7202
3	0.0150	0.0150	-0.0026	0.9952	4.7202
4	0.0200	0.0200	-0.0026	0.9951	4.7206
5	0.0250	0.0250	-0.0026	0.9950	4.7206
6	0.0300	0.0300	-0.0026	0.9948	4.7206
7	0.0350	0.0350	-0.0026	0.9947	4.7202
8	0.0400	0.0400	-0.0026	0.9943	4.7202
9	0.0450	0.0450	-0.0026	0.9940	4.7202
10	0.0500	0.0500	-0.0026	0.9936	4.7202
11	0.0550	0.0550	-0.0026	0.9932	4.7202
12	0.0600	0.0600	-0.0026	0.9927	4.7202
13	0.0650	0.0650	-0.0026	0.9922	4.7202
14	0.0700	0.0700	-0.0026	0.9917	4.7202
15	0.0750	0.0750	-0.0026	0.9911	4.7206
16	0.0800	0.0800	-0.0026	0.9906	4.7202
17	0.0850	0.0850	-0.0026	0.9898	4.7202
18	0.0900	0.0900	-0.0026	0.9890	4.7202
19	0.0950	0.0950	-0.0026	0.9882	4.7202
20	0.1000	0.1000	-0.0026	0.9873	4.7202
21	0.1050	0.1050	-0.0026	0.9864	4.7206
22	0.1100	0.1100	-0.0026	0.9854	4.7202
23	0.1150	0.1150	-0.0026	0.9844	4.7202
24	0.1200	0.1200	-0.0026	0.9833	4.7202
25	0.1250	0.1250	-0.0025	0.9822	4.7206
26	0.1300	0.1300	-0.0025	0.9810	4.7202
27	0.1350	0.1350	-0.0025	0.9798	4.7202
28	0.1400	0.1400	-0.0025	0.9785	4.7206
29	0.1450	0.1450	-0.0025	0.9772	4.7202
30	0.1500	0.1500	-0.0025	0.9758	4.7202
31	0.1550	0.1550	-0.0025	0.9744	4.7206
32	0.1600	0.1600	-0.0025	0.9729	4.7202
33	0.1650	0.1650	-0.0025	0.9714	4.7202
34	0.1700	0.1700	-0.0024	0.9698	4.7206
35	0.1750	0.1750	-0.0024	0.9682	4.7202
36	0.1800	0.1800	-0.0024	0.9665	4.7202
37	0.1850	0.1850	-0.0024	0.9648	4.7202
38	0.1900	0.1900	-0.0024	0.9630	4.7202
39	0.1950	0.1950	-0.0024	0.9613	4.7202
40	0.2000	0.2000	-0.0024	0.9593	4.7202
41	0.2050	0.2050	-0.0023	0.9574	4.7206
42	0.2100	0.2100	-0.0023	0.9554	4.7202
43	0.2150	0.2150	-0.0023	0.9534	4.7206
44	0.2200	0.2200	-0.0023	0.9513	4.7202
45	0.2250	0.2250	-0.0023	0.9492	4.7206
46	0.2300	0.2300	-0.0023	0.9470	4.7202
47	0.2350	0.2350	-0.0022	0.9448	4.7206
48	0.2400	0.2400	-0.0022	0.9425	4.7202
49	0.2450	0.2450	-0.0022	0.9403	4.7202
50	0.2500	0.2500	-0.0022	0.9378	4.7202
51	0.2550	0.2550	-0.0022	0.9354	4.7202
52	0.2600	0.2600	-0.0022	0.9329	4.7202
53	0.2650	0.2650	-0.0021	0.9304	4.7202
54	0.2700	0.2700	-0.0021	0.9278	4.7206
55	0.2750	0.2750	-0.0021	0.9252	4.7202
56	0.2800	0.2800	-0.0021	0.9225	4.7202
57	0.2850	0.2850	-0.0020	0.9198	4.7206
58	0.2900	0.2900	-0.0020	0.9170	4.7202
59	0.2950	0.2950	-0.0020	0.9142	4.7202
60	0.3000	0.3000	-0.0020	0.9113	4.7206
61	0.3000	0.3000	-0.0020	0.9084	4.7202
62	0.3000	0.3000	-0.0019	0.9054	4.7202
63	0.3000	0.3000	-0.0019	0.9025	4.7202
64	0.3000	0.3000	-0.0019	0.8994	4.7206
65	0.3000	0.3000	-0.0019	0.8964	4.7202
66	0.3000	0.3000	-0.0018	0.8934	4.7202
67	0.3000	0.3000	-0.0018	0.8904	4.7206
68	0.3000	0.3000	-0.0018	0.8874	4.7202
69	0.3000	0.3000	-0.0018	0.8844	4.7202
70	0.3000	0.3000	-0.0017	0.8815	4.7202
71	0.3000	0.3000	-0.0017	0.8784	4.7206
72	0.3000	0.3000	-0.0017	0.8754	4.7202
73	0.3000	0.3000	-0.0017	0.8724	4.7202
74	0.3000	0.3000	-0.0016	0.8694	4.7206
75	0.3000	0.3000	-0.0016	0.8664	4.7202
76	0.3000	0.3000	-0.0016	0.8634	4.7202
77	0.3000	0.3000	-0.0016	0.8605	4.7202
78	0.3000	0.3000	-0.0016	0.8574	4.7206
79	0.3000	0.3000	-0.0015	0.8544	4.7202
80	0.3000	0.3000	-0.0015	0.8514	4.7202
81	0.3000	0.3000	-0.0015	0.8484	4.7206
82	0.3000	0.3000	-0.0015	0.8454	4.7202
83	0.3000	0.3000	-0.0014	0.8424	4.7202
84	0.3000	0.3000	-0.0014	0.8394	4.7202
85	0.3000	0.3000	-0.0014	0.8364	4.7206
86	0.3000	0.3000	-0.0014	0.8334	4.7202
87	0.3000	0.3000	-0.0013	0.8304	4.7202
88	0.3000	0.3000	-0.0013	0.8275	4.7202
89	0.3000	0.3000	-0.0013	0.8244	4.7202
90	0.3000	0.3000	-0.0013	0.8214	4.7202
91	0.3000	0.3000	-0.0012	0.8184	4.7202
92	0.3000	0.3000	-0.0012	0.8154	4.7206
93	0.3000	0.3000	-0.0012	0.8124	4.7202
94	0.3000	0.3000	-0.0012	0.8094	4.7202
95	0.3000	0.3000	-0.0012	0.8065	4.7202
96	0.3000	0.3000	-0.0011	0.8034	4.7202
97	0.3000	0.3000	-0.0011	0.8004	4.7202
98	0.3000	0.3000	-0.0011	0.7974	4.7202
99	0.3000	0.3000	-0.0011	0.7944	4.7206
100	0.3000	0.3000	-0.0010	0.7914	4.7202
101	0.3000	0.3000	-0.0010	0.7884	4.7202
102	0.3000	0.3000	-0.0010	0.7855	4.7202
103	0.3000	0.3000	-0.0010	0.7824	4.7202
104	0.3000	0.3000	-0.0009	0.7794	4.7202
105	0.3000	0.3000	-0.0009	0.7764	4.7202
106	0.3000	0.3000	-0.0009	0.7734	4.7206
107	0.3000	0.3000	-0.0009	0.7704	4.7202
108	0.3000	0.3000	-0.0008	0.7674	4.7202
109	0.3000	0.3000	-0.0008	0.7645	4.7202
110	0.3000	0.3000	-0.0008	0.7614	4.7206
111	0.3000	0.3000	-0.0008	0.7584	4.7202
112	0.3000	0.3000	-0.0008	0.7554	4.7202
113	0.3000	0.3000	-0.0007	0.7524	4.7206
114	0.3000	0.3000	-0.0007	0.7494	4.7202
115	0.3000	0.3000	-0.0007	0.7464	4.7202
116	0.3000	0.3000	-0.0007	0.7435	4.7202
117	0.3000	0.3000	-0.0006	0.7404	4.7206
118	0.3000	0.3000	-0.0006	0.7374	4.7202
119	0.3000	0.3000	-0.0006	0.7344	4.7202
120	0.3000	0.3000	-0.0006	0.7314	4.7206
121	0.3000	0.3000	-0.0005	0.7284	4.7202
122	0.3000	0.3000	-0.0005	0.7254	4.7202
123	0.3000	0.3000	-0.0005	0.7225	4.7202
124	0.3000	0.3000	-0.0005	0.7194	4.7206
125	0.3000	0.3000	-0.0004	0.7164	4.7202
126	0.3000	0.3000	-0.0004	0.7134	4.7202
127	0.3000	0.3000	-0.0004	0.7104	4.7206
128	0.3000	0.3000	-0.0004	0.7074	4.7202
129	0.3000	0.3000	-0.0003	0.7044	4.7202
130	0.3000	0.3000	-0.0003	0.7015	4.7202
131	0.3000	0.3000	-0.0003	0.6984	4.7206
132	0.3000	0.3000	-0.0003	0.6954	4.7202
133	0.3000	0.3000	-0.0003	0.6924	4.7202
134	0.3000	0.3000	-0.0002	0.6895	4.7202
135	0.3000	0.3000	-0.0002	0.6864	4.7202
136	0.3000	0.3000	-0.0002	0.6834	4.7202
137	0.3000	0.3000	-0.0002	0.6805	4.7202
138	0.3000	0.3000	-0.0001	0.6774	4.7206
139	0.3000	0.3000	-0.0001	0.6744	4.7202
140	0.3000	0.3000	-0.0001	0.6714	4.7202
141	0.3000	0.3000	-0.0001	0.6685	4.7202
142	0.3000	0.3000	-0.0000	0.6654	4.7202
143	0.3000	0.3000	-0.0000	0.6624	4.7202
144	0.3000	0.3000	0.0000	0.6595	4.7202
145	0.3000	0.3000	0.0000	0.6564	4.7206
146	0.3000	0.3000	0.0001	0.6534	4.7202
147	0.3000	0.3000	0.0001	0.6504	4.7202
148	0.3000	0.3000	0.0001	0.6475	4.7202
149	0.3000	0.3000	0.0001	0.6444	4.7202
150	0.3000	0.3000	0.0001	0.6414	4.7202
151	0.3000	0.3000	0.0002	0.6385	4.7202
152	0.3000	0.3000	0.0002	0.6354	4.7206
153	0.3000	0.3000	0.0002	0.6324	4.7202
154	0.3000	0.3000	0.0002	0.6294	4.7202
155	0.3000	0.3000	0.0003	0.6265	4.7202
156	0.3000	0.3000	0.0003	0.6234	4.7206
157	0.3000	0.3000	0.0003	0.6204	4.7202
158	0.3000	0.3000	0.0003	0.6175	4.7202
159	0.3000	0.3000	0.0004	0.6144	4.7206
160	0.3000	0.3000	0.0004	0.6114	4.7202
161	0.3000	0.3000	0.0004	0.6084	4.7202
162	0.3000	0.3000	0.0004	0.6055	4.7202
163	0.3000	0.3000	0.0005	0.6024	4.7206
164	0.3000	0.3000	0.0005	0.5994	4.7202
165	0.3000	0.3000	0.0005	0.5965	4.7202
166	0.3000	0.3000	0.0005	0.5934	4.7206
167	0.3000	0.3000	0.0005	0.5904	4.7202
168	0.3000	0.3000	0.0006	0.5874	4.7202
169	0.3000	0.3000	0.0006	0.5845	4.7202
170	0.3000	0.3000	0.0006	0.5814	4.7206
171	0.3000	0.3000	0.0006	0.5784	4.7202
172	0.3000	0.3000	0.0007	0.5755	4.7202
173	0.3000	0.3000	0.0007	0.5724	4.7206
174	0.3000	0.3000	0.0007	0.5694	4.7202
175	0.3000	0.3000	0.0007	0.5664	4.7202
176	0.3000	0.3000	0.0008	0.5635	4.7202
177	0.3000	0.3000	0.0008	0.5604	4.7206
178	0.3000	0.3000	0.0008	0.5574	4.7202
179	0.3000	0.3000	0.0008	0.5544	4.7202
180	0.3000	0.3000	0.0009	0.5515	4.7202
181	0.3000	0.3000	0.0009	0.5484	4.7202
182	0.3000	0.3000	0.0009	0.5454	4.7202
183	0.3000	0.3000	0.0009	0.5425	4.7202
184	0.3000	0.3000	0.0010	0.5394	4.7206
185	0.3000	0.3000	0.0010	0.5364	4.7202
186	0.3000	0.3000	0.0010	0.5334	4.7202
187	0.3000	0.3000	0.0010	0.5305	4.7202
188	0.3000	0.3000	0.0010	0.5274	4.7202
189	0.3000	0.3000	0.0011	0.5244	4.7202
190	0.3000	0.3000	0.0011	0.5215	4.7202
191	0.3000	0.3000	0.0011	0.5184	4.7206
192	0.3000	0.3000	0.0011	0.5154	4.7202
193	0.3000	0.3000	0.0012	0.5124	4.7202
194	0.3000	0.3000	0.0012	0.5095	4.7202
195	0.3000	0.3000	0.0012	0.5064	4.7202
196	0.3000	0.3000	0.0012	0.5034	4.7202
197	0.3000	0.3000	0.0013	0.5005	4.7202
198	0.3000	0.3000	0.0013	0.4974	4.7206
199	0.3000	0.3000	0.0013	0.4944	4.7202
200	0.3000	0.3000	0.0013	0.4914	4.7202
201	0.3000	0.3000	0.0013	0.4885	4.7202
202	0.3000	0.3000	0.0014	0.4855	4.7206
203	0.3000	0.3000	0.0014	0.4824	4.7202
204	0.3000	0.3000	0.0014	0.4795	4.7202
205	0.3000	0.3000	0.0014	0.4764	4.7206
206	0.3000	0.3000	0.0015	0.4734	4.7202
207	0.3000	0.3000	0.0015	0.4704	4.7202
208	0.3000	0.3000	0.0015	0.4675	4.7202
209	0.3000	0.3000	0.0015	0.4645	4.7206
210	0.3000	0.3000	0.0016	0.4614	4.7202
211	0.3000	0.3000	0.0016	0.4585	4.7202
212	0.3000	0.3000	0.0016	0.4554	4.7206
213	0.3000	0.3000	0.0016	0.4524	4.7202
214	0.3000	0.3000	0.0017	0.4494	4.7202
215	0.3000	0.3000	0.0017	0.4465	4.7202
216	0.3000	0.3000	0.0017	0.4435	4.7206
217	0.3000	0.3000	0.0017	0.4404	4.7202
218	0.3000	0.3000	0.0018	0.4375	4.7202
219	0.3000	0.3000	0.0018	0.4344	4.7206
220	0.3000	0.3000	0.0018	0.4314	4.7202
221	0.3000	0.3000	0.0018	0.4284	4.7202
222	0.3000	0.3000	0.0018	0.4255	4.7202
223	0.3000	0.3000	0.0019	0.4225	4.7206
224	0.3000	0.3000	0.0019	0.4194	4.7202
225	0.3000	0.3000	0.0019	0.4165	4.7202
226	0.3000	0.3000	0.0019	0.4135	4.7202
227	0.3000	0.3000	0.0020	0.4104	4.7202
228	0.3000	0.3000	0.0020	0.4074	4.7202
229	0.3000	0.3000	0.0020	0.4045	4.7202
230	0.3000	0.3000	0.0020	0.4014	4.7206
231	0.3000	0.3000	0.0021	0.3984	4.7202
232	0.3000	0.3000	0.0021	0.3955	4.7202
233	0.3000	0.3000	0.0021	0.3925	4.7202
234	0.3000	0.3000	0.0021	0.3894	4.7202
235	0.3000	0.3000	0.0022	0.3864	4.7202
236	0.3000	0.3000	0.0022	0.3835	4.7202
237	0.3000	0.3000	0.0022	0.3804	4.7206
238	0.3000	0.3000	0.0022	0.3774	4.7202
239	0.3000	0.3000	0.0022	0.3745	4.7202
240	0.3000	0.3000	0.0023	0.3715	4.7202
241	0.3000	0.3000	0.0023	0.3684	4.7202
242	0.3000	0.3000	0.0023	0.3654	4.7202
243	0.3000	0.3000	0.0023	0.3625	4.7202
244	0.3000	0.3000	0.0024	0.3594	4.7206
245	0.3000	0.3000	0.0024	0.3564	4.7202
246	0.3000	0.3000	0.0024	0.3535	4.7202
247	0.3000	0.3000	0.0024	0.3505	4.7202
248	0.3000	0.3000	0.0025	0.3475	4.7206
249	0.3000	0.3000	0.0025	0.3444	4.7202
250	0.3000	0.3000	0.0025	0.3415	4.7202
251	0.3000	0.3000	0.0025	0.3384	4.7206
252	0.3000	0.3000	0.0026	0.3354	4.7202
253	0.3000	0.3000	0.0026	0.3325	4.7202
254	0.3000	0.3000	0.0026	0.3295	4.7202
255	0.3000	0.3000	0.0026	0.3265	4.7206
256	0.3000	0.3000	0.0027	0.3234	4.7202
257	0.3000	0.3000	0.0027	0.3205	4.7202
258	0.3000	0.3000	0.0027	0.3174	4.7206
259	0.3000	0.3000	0.0027	0.3144	4.7202
260	0.3000	0.3000	0.0027	0.3115	4.7202
261	0.3000	0.3000	0.0028	0.3085	4.7202
262	0.3000	0.3000	0.0028	0.3055	4.7206
263	0.3000	0.3000	0.0028	0.3024	4.7202
264	0.3000	0.3000	0.0028	0.2995	4.7202
265	0.3000	0.3000	0.0029	0.2964	4.7206
266	0.3000	0.3000	0.0029	0.2934	4.7202
267	0.3000	0.3000	0.0029	0.2905	4.7202
268	0.3000	0.3000	0.0029	0.2875	4.7202
269	0.3000	0.3000	0.0030	0.2845	4.7206
270	0.3000	0.3000	0.0030	0.2814	4.7202
271	0.3000	0.3000	0.0030	0.2785	4.7202
272	0.3000	0.3000	0.0030	0.2755	4.7202
273	0.3000	0.3000	0.0031	0.2724	4.7202
274	0.3000	0.3000	0.0031	0.2695	4.7202
275	0.3000	0.3000	0.0031	0.2665	4.7202
276	0.3000	0.3000	0.0031	0.2635	4.7206
277	0.3000	0.3000	0.0031	0.2604	4.7202
278	0.3000	0.3000	0.0032	0.2575	4.7202
279	0.3000	0.3000	0.0032	0.2545	4.7202
280	0.3000	0.3000	0.0032	0.2514	4.7202
281	0.3000	0.3000	0.0032	0.2484	4.7202
282	0.3000	0.3000	0.0033	0.2455	4.7202
283	0.3000	0.3000	0.0033	0.2425	4.7206
284	0.3000	0.3000	0.0033	0.2394	4.7202
285	0.3000	0.3000	0.0033	0.2365	4.7202
286	0.3000	0.3000	0.0034	0.2335	4.7202
287	0.3000	0.3000	0.0034	0.2304	4.7202
288	0.3000	0.3000	0.0034	0.2274	4.7202
289	0.3000	0.3000	0.0034	0.2245	4.7202
290	0.3000	0.3000	0.0035	0.2215	4.7206
291	0.3000	0.3000	0.0035	0.2184	4.7202
292	0.3000	0.3000	0.0035	0.2155	4.7202
293	0.3000	0.3000	0.0035	0.2125	4.7202
294	0.3000	0.3000	0.0035	0.2095	4.7206
295	0.3000	0.3000	0.0036	0.2064	4.7202
296	0.3000	0.3000	0.0036	0.2035	4.7202
297	0.3000	0.3000	0.0036	0.2005	4.7206
298	0.3000	0.3000	0.0036	0.1974	4.7202
299	0.3000	0.3000	0.0037	0.1945	4.7202
300	0.3000	0.3000	0.0037	0.1915	4.7202
301	0.3000	0.3000	0.0037	0.1885	4.7206
302	0.3000	0.3000	0.0037	0.1854	4.7202
303	0.3000	0.3000	0.0038	0.1825	4.7202
304	0.3000	0.3000	0.0038	0.1795	4.7206
305	0.3000	0.3000	0.0038	0.1764	4.7202
306	0.3000	0.3000	0.0038	0.1735	4.7202
307	0.3000	0.3000	0.0039	0.1705	4.7202
308	0.3000	0.3000	0.0039	0.1675	4.7206
309	0.3000	0.3000	0.0039	0.1644	4.7202
310	0.3000	0.3000	0.0039	0.1615	4.7202
311	0.3000	0.3000	0.0040	0.1585	4.7206
312	0.3000	0.3000	0.0040	0.1554	4.7202
313	0.3000	0.3000	0.0040	0.1525	4.7202
314	0.3000	0.3000	0.0040	0.1495	4.7202
315	0.3000	0.3000	0.0040	0.1465	4.7206
316	0.3000	0.3000	0.0041	0.1434	4.7202
317	0.3000	0.3000	0.0041	0.1405	4.7202
318	0.3000	0.3000	0.0041	0.1375	4.7202
319	0.3000	0.3000	0.0041	0.1344	4.7202
320	0.3000	0.3000	0.0042	0.1315	4.7202
321	0.3000	0.3000	0.0042	0.1285	4.7202
322	0.3000	0.3000	0.0042	0.1255	4.7206
323	0.3000	0.3000	0.0042	0.1224	4.7202
324	0.3000	0.3000	0.0043	0.1195	4.7202
325	0.3000	0.3000	0.0043	0.1165	4.7202
326	0.3000	0.3000	0.0043	0.1134	4.7202
327	0.3000	0.3000	0.0043	0.1105	4.7202
328	0.3000	0.3000	0.0044	0.1075	4.7202
329	0.3000	0.3000	0.0044	0.1045	4.7206
330	0.3000	0.3000	0.0044	0.1014	4.7202
331	0.3000	0.3000	0.0044	0.0985	4.7202
332	0.3000	0.3000	0.0044	0.0955	4.7202
333	0.3000	0.3000	0.0045	0.0924	4.7202
334	0.3000	0.3000	0.0045	0.0895	4.7202
335	0.3000	0.3000	0.0045	0.0865	4.7202
336	0.3000	0.3000	0.0045	0.0835	4.7206
337	0.2971	0.2971	0.0046	0.0804	4.7202
338	0.2920	0.2920	0.0046	0.0775	4.7202
339	0.2868	0.2868	0.0046	0.0746	4.7202
340	0.2818	0.2818	0.0046	0.0716	4.7202
341	0.2765	0.2765	0.0047	0.0689	4.7202
342	0.2714	0.2714	0.0047	0.0661	4.7202
343	0.2663	0.2663	0.0047	0.0633	4.7202
344	0.2610	0.2610	0.0047	0.0607	4.7202
345	0.2559	0.2559	0.0047	0.0581	4.7202
346	0.2508	0.2508	0.0048	0.0554	4.7202
347	0.2455	0.2455	0.0048	0.0530	4.7202
348	0.2404	0.2404	0.0048	0.0505	4.7206
349	0.2351	0.2351	0.0048	0.0481	4.7202
350	0.2299	0.2299	0.0048	0.0457	4.7206
351	0.2246	0.2246	0.0049	0.0434	4.7202
352	0.2195	0.2195	0.0049	0.0412	4.7202
353	0.2145	0.2145	0.0049	0.0390	4.7202
354	0.2092	0.2092	0.0049	0.0369	4.7202
355	0.2042	0.2042	0.0049	0.0348	4.7202
356	0.1989	0.1989	0.0049	0.0328	4.7202
357	0.1939	0.1939	0.0050	0.0308	4.7202
358	0.1886	0.1886	0.0050	0.0289	4.7206
359	0.1835	0.1835	0.0050	0.0270	4.7202
360	0.1782	0.1782	0.0050	0.0252	4.7206
361	0.1731	0.1731	0.0050	0.0234	4.7202
362	0.1679	0.1679	0.0050	0.0216	4.7202
363	0.1626	0.1626	0.0050	0.0200	4.7202
364	0.1575	0.1575	0.0051	0.0184	4.7202
365	0.1522	0.1522	0.0051	0.0168	4.7206
366	0.1469	0.1469	0.0051	0.0153	4.7202
367	0.1417	0.1417	0.0051	0.0137	4.7202
368	0.1362	0.1362	0.0051	0.0124	4.7206
369	0.1310	0.1310	0.0051	0.0110	4.7202
370	0.1257	0.1257	0.0051	0.0097	4.7202
371	0.1202	0.1202	0.0051	0.0084	4.7206
372	0.1148	0.1148	0.0051	0.0072	4.7202
373	0.1095	0.1095	0.0052	0.0060	4.7202
374	0.1038	0.1038	0.0052	0.0048	4.7202
375	0.0982	0.0982	0.0052	0.0039	4.7206
376	0.0931	0.0931	0.0052	0.0029	4.7202
377	0.0877	0.0877	0.0052	0.0020	4.7202
378	0.0823	0.0823	0.0052	0.0010	4.7202
379	0.0765	0.0765	0.0052	0.0003	4.7206
380	0.0713	0.0713	0.0052	-0.0005	4.7202
381	0.0657	0.0657	0.0052	-0.0012	4.7202
382	0.0600	0.0600	0.0052	-0.0019	4.7202
383	0.0537	0.0537	0.0052	-0.0025	4.7202
384	0.0476	0.0476	0.0052	-0.0031	4.7202
385	0.0419	0.0419	0.0052	-0.0036	4.7202
386	0.0352	0.0352	0.0052	-0.0039	4.7206
387	0.0297	0.0297	0.0052	-0.0043	4.7206
388	0.0217	0.0217	0.0052	-0.0046	4.7206
389	0.0129	0.0129	0.0052	-0.0048	4.7202
390	0.0034	0.0034	0.0052	-0.0050	4.7202
391	0.0000	0.0000	0.0052	-0.0051	4.7202
0	0.0000	0.0000	0.0052	-0.0051	4.7202
1	-0.0050	0.0050	0.0052	-0.0051	4.7202
2	-0.0100	0.0100	0.0052	-0.0051	4.7202
3	-0.0150	0.0150	0.0052	-0.0051	4.7202
4	-0.0200	0.0200	0.0052	-0.0052	4.7206
5	-0.0250	0.0250	0.0052	-0.0052	4.7214
6	-0.0300	0.0300	0.0052	-0.0052	4.7230
7	-0.0350	0.0350	0.0052	-0.0052	4.7246
8	-0.0400	0.0400	0.0052	-0.0052	4.7270
9	-0.0450	0.0450	0.0052	-0.0052	4.7294
10	-0.0500	0.0500	0.0052	-0.0052	4.7322
11	-0.0550	0.0550	0.0052	-0.0052	4.7354
12	-0.0600	0.0600	0.0052	-0.0052	4.7394
13	-0.0650	0.0650	0.0052	-0.0052	4.7434
14	-0.0700	0.0700	0.0052	-0.0052	4.7474
15	-0.0750	0.0750	0.0052	-0.0052	4.7518
16	-0.0800	0.0800	0.0052	-0.0052	4.7566
17	-0.0850	0.0850	0.0052	-0.0052	4.7622
18	-0.0900	0.0900	0.0052	-0.0052	4.7682
19	-0.0950	0.0950	0.0052	-0.0052	4.7746
20	-0.1000	0.1000	0.0052	-0.0052	4.7814
21	-0.1050	0.1050	0.0052	-0.0052	4.7886
22	-0.1100	0.1100	0.0052	-0.0052	4.7962
23	-0.1150	0.1150	0.0052	-0.0052	4.8042
24	-0.1200	0.1200	0.0052	-0.0052	4.8130
25	-0.1250	0.1250	0.0052	-0.0052	4.8214
26	-0.1300	0.1300	0.0052	-0.0052	4.8306
27	-0.1350	0.1350	0.0052	-0.0052	4.8402
28	-0.1400	0.1400	0.0052	-0.0052	4.8502
29	-0.1450	0.1450	0.0052	-0.0052	4.8606
30	-0.1500	0.1500	0.0052	-0.0052	4.8715
31	-0.1550	0.1550	0.0052	-0.0052	4.8823
32	-0.1600	0.1600	0.0052	-0.0052	4.8939
33	-0.1650	0.1650	0.0052	-0.0052	4.9059
34	-0.1700	0.1700	0.0052	-0.0052	4.9183
35	-0.1750	0.1750	0.0052	-0.0052	4.9307
36	-0.1800	0.1800	0.0052	-0.0052	4.9443
37	-0.1850	0.1850	0.0052	-0.0052	4.9575
38	-0.1900	0.1900	0.0052	-0.0052	4.9715
39	-0.1950	0.1950	0.0052	-0.0052	4.9855
40	-0.2000	0.2000	0.0052	-0.0052	5.0003
41	-0.2050	0.2050	0.0052	-0.0052	5.0151
42	-0.2100	0.2100	0.0052	-0.0052	5.0307
43	-0.2150	0.2150	0.0052	-0.0052	5.0463
44	-0.2200	0.2200	0.0052	-0.0052	5.0627
45	-0.2250	0.2250	0.0052	-0.0052	5.0791
46	-0.2300	0.2300	0.0052	-0.0052	5.0964
47	-0.2350	0.2350	0.0052	-0.0052	5.1136
48	-0.2400	0.2400	0.0052	-0.0052	5.1316
49	-0.2450	0.2450	0.0052	-0.0052	5.1496
50	-0.2500	0.2500	0.0052	-0.0052	5.1684
51	-0.2550	0.2550	0.0052	-0.0052	5.1872
52	-0.2600	0.2600	0.0052	-0.0052	5.2064
53	-0.2650	0.2650	0.0053	-0.0052	5.2260
54	-0.2700	0.2700	0.0052	-0.0052	5.2464
55	-0.2750	0.2750	0.0053	-0.0052	5.2668
56	-0.2800	0.2800	0.0053	-0.0052	5.2876
57	-0.2850	0.2850	0.0052	-0.0052	5.3089
58	-0.2900	0.2900	0.0053	-0.0052	5.3309
59	-0.2950	0.2950	0.0053	-0.0052	5.3525
60	-0.3000	0.3000	0.0052	-0.0052	5.3753
61	-0.3000	0.3000	0.0053	-0.0052	5.3981
62	-0.3000	0.3000	0.0053	-0.0052	5.4213
63	-0.3000	0.3000	0.0052	-0.0052	5.4449
64	-0.3000	0.3000	0.0052	-0.0052	5.4681
65	-0.3000	0.3000	0.0053	-0.0052	5.4917
66	-0.3000	0.3000	0.0053	-0.0052	5.5149
67	-0.3000	0.3000	0.0052	-0.0052	5.5386
68	-0.3000	0.3000	0.0053	-0.0052	5.5622
69	-0.3000	0.3000	0.0053	-0.0052	5.5854
70	-0.3000	0.3000	0.0052	-0.0052	5.6090
71	-0.2955	0.2955	0.0052	-0.0052	5.6322
72	-0.2904	0.2904	0.0053	-0.0052	5.6558
73	-0.2851	0.2851	0.0053	-0.0052	5.6782
74	-0.2801	0.2801	0.0052	-0.0052	5.7010
75	-0.2748	0.2748	0.0053	-0.0052	5.7230
76	-0.2696	0.2696	0.0053	-0.0052	5.7447
77	-0.2644	0.2644	0.0052	-0.0052	5.7659
78	-0.2593	0.2593	0.0053	-0.0052	5.7863
79	-0.2542	0.2542	0.0052	-0.0052	5.8067
80	-0.2490	0.2490	0.0053	-0.0052	5.8263
81	-0.2439	0.2439	0.0053	-0.0052	5.8455
82	-0.2388	0.2388	0.0052	-0.0052	5.8643
83	-0.2337	0.2337	0.0053	-0.0052	5.8831
84	-0.2285	0.2285	0.0052	-0.0052	5.9011
85	-0.2234	0.2234	0.0053	-0.0052	5.9191
86	-0.2182	0.2182	0.0052	-0.0052	5.9363
87	-0.2131	0.2131	0.0053	-0.0052	5.9536
88	-0.2078	0.2078	0.0052	-0.0052	5.9700
89	-0.2027	0.2027	0.0053	-0.0052	5.9864
90	-0.1975	0.1975	0.0052	-0.0052	6.0020
91	-0.1923	0.1923	0.0053	-0.0052	6.0176
92	-0.1871	0.1871	0.0052	-0.0052	6.0324
93	-0.1819	0.1819	0.0053	-0.0052	6.0472
94	-0.1766	0.1766	0.0052	-0.0052	6.0612
95	-0.1715	0.1715	0.0053	-0.0052	6.0752
96	-0.1662	0.1662	0.0052	-0.0052	6.0884
97	-0.1610	0.1610	0.0052	-0.0052	6.1020
98	-0.1555	0.1555	0.0053	-0.0052	6.1144
99	-0.1503	0.1503	0.0052	-0.0052	6.1268
100	-0.1450	0.1450	0.0053	-0.0052	6.1384
101	-0.1397	0.1397	0.0053	-0.0052	6.1504
102	-0.1341	0.1341	0.0052	-0.0052	6.1612
103	-0.1289	0.1289	0.0053	-0.0052	6.1713
104	-0.1238	0.1238	0.0053	-0.0052	6.1817
105	-0.1183	0.1183	0.0052	-0.0052	6.1909
106	-0.1132	0.1132	0.0052	-0.0052	6.2005
107	-0.1076	0.1076	0.0053	-0.0052	6.2089
108	-0.1025	0.1025	0.0053	-0.0052	6.2177
109	-0.0969	0.0969	0.0052	-0.0052	6.2253
110	-0.0917	0.0917	0.0052	-0.0052	6.2333
111	-0.0859	0.0859	0.0053	-0.0052	6.2401
112	-0.0807	0.0807	0.0053	-0.0052	6.2473
113	-0.0748	0.0748	0.0052	-0.0052	6.2533
114	-0.0695	0.0695	0.0052	-0.0052	6.2597
115	-0.0633	0.0633	0.0052	-0.0052	6.2653
116	-0.0573	0.0573	0.0053	-0.0052	6.2697
117	-0.0522	0.0522	0.0053	-0.0052	6.2745
118	-0.0459	0.0459	0.0053	-0.0052	6.2785
119	-0.0400	0.0400	0.0053	-0.0052	6.2825
120	-0.0329	0.0329	0.0052	-0.0052	6.2853
121	-0.0269	0.0269	0.0052	-0.0052	6.2877
122	-0.0205	0.0205	0.0052	-0.0052	6.2901
123	-0.0106	0.0106	0.0052	-0.0052	6.2917
124	0.0000	0.0000	0.0052	-0.0052	6.2933
0	0.0000	0.0000	0.0052	-0.0052	6.2941
