0	0.0000	0.0000	0.0000	0.0000	0.0000
0	0.0000	0.0000	0.0000	0.0000	0.0000
1	0.3000	0.3000	0.0000	0.0000	0.0000
2	0.3000	0.3000	0.0000	0.0000	0.0000
3	0.3000	0.3000	0.0030	0.0000	0.0000
4	0.3000	0.3000	0.0059	0.0000	0.0000
5	0.3000	0.3000	0.0090	0.0000	0.0004
6	0.3000	0.3000	0.0120	0.0000	0.0000
7	0.3000	0.3000	0.0150	0.0000	0.0000
8	0.3000	0.3000	0.0180	0.0000	0.0004
9	0.3000	0.3000	0.0210	0.0000	0.0000
10	0.3000	0.3000	0.0240	0.0000	0.0000
11	0.3000	0.3000	0.0269	0.0000	0.0000
12	0.3000	0.3000	0.0300	0.0000	0.0004
13	0.3000	0.3000	0.0330	0.0000	0.0000
14	0.3000	0.3000	0.0360	0.0000	0.0000
15	0.3000	0.3000	0.0389	0.0000	0.0000
16	0.3000	0.3000	0.0420	0.0000	0.0000
17	0.3000	0.3000	0.0450	0.0000	0.0000
18	0.3000	0.3000	0.0479	0.0000	0.0000
19	0.3000	0.3000	0.0510	0.0000	0.0004
20	0.3000	0.3000	0.0540	0.0000	0.0000
21	0.3000	0.3000	0.0570	0.0000	0.0000
22	0.3000	0.3000	0.0599	0.0000	0.0000
23	0.3000	0.3000	0.0630	0.0000	0.0000
24	0.3000	0.3000	0.0660	0.0000	0.0000
25	0.3000	0.3000	0.0689	0.0000	0.0000
26	0.3000	0.3000	0.0720	0.0000	0.0004
27	0.3000	0.3000	0.0750	0.0000	0.0000
28	0.3000	0.3000	0.0780	0.0000	0.0000
29	0.3000	0.3000	0.0809	0.0000	0.0000
30	0.3000	0.3000	0.0840	0.0000	0.0000
31	0.3000	0.3000	0.0870	0.0000	0.0000
32	0.3000	0.3000	0.0899	0.0000	0.0000
33	0.3000	0.3000	0.0930	0.0000	0.0004
34	0.3000	0.3000	0.0960	0.0000	0.0000
35	0.3000	0.3000	0.0990	0.0000	0.0000
36	0.3000	0.3000	0.1019	0.0000	0.0000
37	0.3000	0.3000	0.1050	0.0000	0.0000
38	0.3000	0.3000	0.1080	0.0000	0.0000
39	0.3000	0.3000	0.1110	0.0000	0.0000
40	0.3000	0.3000	0.1140	0.0000	0.0004
41	0.3000	0.3000	0.1170	0.0000	0.0000
42	0.3000	0.3000	0.1200	0.0000	0.0000
43	0.3000	0.3000	0.1229	0.0000	0.0000
44	0.3000	0.3000	0.1260	0.0000	0.0004
45	0.3000	0.3000	0.1290	0.0000	0.0000
46	0.3000	0.3000	0.1320	0.0000	0.0000
47	0.3000	0.3000	0.1350	0.0000	0.0004
48	0.3000	0.3000	0.1380	0.0000	0.0000
49	0.3000	0.3000	0.1410	0.0000	0.0000
50	0.3000	0.3000	0.1439	0.0000	0.0000
51	0.3000	0.3000	0.1470	0.0000	0.0004
52	0.3000	0.3000	0.1500	0.0000	0.0000
53	0.3000	0.3000	0.1530	0.0000	0.0000
54	0.3000	0.3000	0.1560	0.0000	0.0004
55	0.3000	0.3000	0.1590	0.0000	0.0000
56	0.3000	0.3000	0.1620	0.0000	0.0000
57	0.3000	0.3000	0.1649	0.0000	0.0000
58	0.3000	0.3000	0.1680	0.0000	0.0004
59	0.3000	0.3000	0.1710	0.0000	0.0000
60	0.3000	0.3000	0.1740	0.0000	0.0000
61	0.3000	0.3000	0.1769	0.0000	0.0000
62	0.3000	0.3000	0.1800	0.0000	0.0000
63	0.3000	0.3000	0.1830	0.0000	0.0000
64	0.3000	0.3000	0.1859	0.0000	0.0000
65	0.3000	0.3000	0.1890	0.0000	0.0004
66	0.3000	0.3000	0.1920	0.0000	0.0000
67	0.3000	0.3000	0.1950	0.0000	0.0000
68	0.3000	0.3000	0.1979	0.0000	0.0000
69	0.3000	0.3000	0.2010	0.0000	0.0000
70	0.3000	0.3000	0.2040	0.0000	0.0000
71	0.3000	0.3000	0.2069	0.0000	0.0000
72	0.3000	0.3000	0.2100	0.0000	0.0004
73	0.3000	0.3000	0.2130	0.0000	0.0000
74	0.3000	0.3000	0.2160	0.0000	0.0000
75	0.3000	0.3000	0.2189	0.0000	0.0000
76	0.3000	0.3000	0.2220	0.0000	0.0000
77	0.3000	0.3000	0.2250	0.0000	0.0000
78	0.3000	0.3000	0.2279	0.0000	0.0000
79	0.3000	0.3000	0.2310	0.0000	0.0004
80	0.3000	0.3000	0.2340	0.0000	0.0000
81	0.3000	0.3000	0.2370	0.0000	0.0000
82	0.3000	0.3000	0.2399	0.0000	0.0000
83	0.3000	0.3000	0.2430	0.0000	0.0000
84	0.3000	0.3000	0.2460	0.0000	0.0000
85	0.3000	0.3000	0.2489	0.0000	0.0000
86	0.3000	0.3000	0.2520	0.0000	0.0004
87	0.3000	0.3000	0.2550	0.0000	0.0000
88	0.3000	0.3000	0.2580	0.0000	0.0000
89	0.3000	0.3000	0.2609	0.0000	0.0000
90	0.3000	0.3000	0.2640	0.0000	0.0004
91	0.3000	0.3000	0.2670	0.0000	0.0000
92	0.3000	0.3000	0.2699	0.0000	0.0000
93	0.3000	0.3000	0.2730	0.0000	0.0004
94	0.3000	0.3000	0.2760	0.0000	0.0000
95	0.3000	0.3000	0.2790	0.0000	0.0000
96	0.3000	0.3000	0.2819	0.0000	0.0000
97	0.3000	0.3000	0.2850	0.0000	0.0004
98	0.3000	0.3000	0.2880	0.0000	0.0000
99	0.3000	0.3000	0.2910	0.0000	0.0000
100	0.3000	0.3000	0.2940	0.0000	0.0004
101	0.3000	0.3000	0.2970	0.0000	0.0000
102	0.3000	0.3000	0.3000	0.0000	0.0000
103	0.3000	0.3000	0.3029	0.0000	0.0000
104	0.3000	0.3000	0.3060	0.0000	0.0004
105	0.3000	0.3000	0.3090	0.0000	0.0000
106	0.3000	0.3000	0.3120	0.0000	0.0000
107	0.3000	0.3000	0.3149	0.0000	0.0000
108	0.3000	0.3000	0.3180	0.0000	0.0000
109	0.3000	0.3000	0.3210	0.0000	0.0000
110	0.3000	0.3000	0.3239	0.0000	0.0000
111	0.3000	0.3000	0.3270	0.0000	0.0004
112	0.3000	0.3000	0.3300	0.0000	0.0000
113	0.3000	0.3000	0.3330	0.0000	0.0000
114	0.3000	0.3000	0.3359	0.0000	0.0000
115	0.3000	0.3000	0.3390	0.0000	0.0000
116	0.3000	0.3000	0.3420	0.0000	0.0000
117	0.3000	0.3000	0.3449	0.0000	0.0000
118	0.3000	0.3000	0.3480	0.0000	0.0004
119	0.3000	0.3000	0.3510	0.0000	0.0000
120	0.3000	0.3000	0.3540	0.0000	0.0000
121	0.3000	0.3000	0.3569	0.0000	0.0000
122	0.3000	0.3000	0.3600	0.0000	0.0000
123	0.3000	0.3000	0.3630	0.0000	0.0000
124	0.3000	0.3000	0.3659	0.0000	0.0000
125	0.3000	0.3000	0.3690	0.0000	0.0004
126	0.3000	0.3000	0.3720	0.0000	0.0000
127	0.3000	0.3000	0.3750	0.0000	0.0000
128	0.3000	0.3000	0.3779	0.0000	0.0000
129	0.3000	0.3000	0.3810	0.0000	0.0000
130	0.3000	0.3000	0.3840	0.0000	0.0000
131	0.3000	0.3000	0.3869	0.0000	0.0000
132	0.3000	0.3000	0.3900	0.0000	0.0004
133	0.3000	0.3000	0.3930	0.0000	0.0000
134	0.3000	0.3000	0.3960	0.0000	0.0000
135	0.3000	0.3000	0.3989	0.0000	0.0000
136	0.3000	0.3000	0.4020	0.0000	0.0004
137	0.3000	0.3000	0.4050	0.0000	0.0000
138	0.3000	0.3000	0.4079	0.0000	0.0000
139	0.3000	0.3000	0.4110	0.0000	0.0004
140	0.3000	0.3000	0.4140	0.0000	0.0000
141	0.3000	0.3000	0.4170	0.0000	0.0000
142	0.3000	0.3000	0.4199	0.0000	0.0000
143	0.3000	0.3000	0.4230	0.0000	0.0004
144	0.3000	0.3000	0.4260	0.0000	0.0000
145	0.3000	0.3000	0.4289	0.0000	0.0000
146	0.3000	0.3000	0.4320	0.0000	0.0004
147	0.3000	0.3000	0.4350	0.0000	0.0000
148	0.3000	0.3000	0.4380	0.0000	0.0000
149	0.3000	0.3000	0.4409	0.0000	0.0000
150	0.3000	0.3000	0.4440	0.0000	0.0004
151	0.3000	0.3000	0.4470	0.0000	0.0000
152	0.3000	0.3000	0.4499	0.0000	0.0000
153	0.3000	0.3000	0.4529	0.0000	0.0000
154	0.3000	0.3000	0.4560	0.0000	0.0000
155	0.3000	0.3000	0.4590	0.0000	0.0000
156	0.3000	0.3000	0.4619	0.0000	0.0000
157	0.3000	0.3000	0.4650	0.0000	0.0004
158	0.3000	0.3000	0.4680	0.0000	0.0000
159	0.3000	0.3000	0.4710	0.0000	0.0000
160	0.3000	0.3000	0.4739	0.0000	0.0000
161	0.3000	0.3000	0.4770	0.0000	0.0000
162	0.3000	0.3000	0.4800	0.0000	0.0000
163	0.3000	0.3000	0.4829	0.0000	0.0000
164	0.3000	0.3000	0.4860	0.0000	0.0004
165	0.3000	0.3000	0.4890	0.0000	0.0000
166	0.3000	0.3000	0.4920	0.0000	0.0000
167	0.3000	0.3000	0.4949	0.0000	0.0000
168	0.3000	0.3000	0.4980	0.0000	0.0000
169	0.3000	0.3000	0.5010	0.0000	0.0000
170	0.3000	0.3000	0.5039	0.0000	0.0000
171	0.3000	0.3000	0.5070	0.0000	0.0004
172	0.3000	0.3000	0.5100	0.0000	0.0000
173	0.3000	0.3000	0.5130	0.0000	0.0000
174	0.3000	0.3000	0.5159	0.0000	0.0000
175	0.3000	0.3000	0.5190	0.0000	0.0000
176	0.3000	0.3000	0.5220	0.0000	0.0000
177	0.3000	0.3000	0.5249	0.0000	0.0000
178	0.3000	0.3000	0.5280	0.0000	0.0004
179	0.3000	0.3000	0.5310	0.0000	0.0000
180	0.3000	0.3000	0.5340	0.0000	0.0000
181	0.3000	0.3000	0.5369	0.0000	0.0000
182	0.3000	0.3000	0.5399	0.0000	0.0004
183	0.3000	0.3000	0.5430	0.0000	0.0000
184	0.3000	0.3000	0.5459	0.0000	0.0000
185	0.3000	0.3000	0.5490	0.0000	0.0004
186	0.3000	0.3000	0.5520	0.0000	0.0000
187	0.3000	0.3000	0.5550	0.0000	0.0000
188	0.3000	0.3000	0.5579	0.0000	0.0000
189	0.3000	0.3000	0.5610	0.0000	0.0004
190	0.3000	0.3000	0.5640	0.0000	0.0000
191	0.3000	0.3000	0.5669	0.0000	0.0000
192	0.3000	0.3000	0.5700	0.0000	0.0004
193	0.3000	0.3000	0.5730	0.0000	0.0000
194	0.3000	0.3000	0.5760	0.0000	0.0000
195	0.3000	0.3000	0.5789	0.0000	0.0000
196	0.3000	0.3000	0.5820	0.0000	0.0004
197	0.3000	0.3000	0.5850	0.0000	0.0000
198	0.3000	0.3000	0.5879	0.0000	0.0000
199	0.3000	0.3000	0.5909	0.0000	0.0000
200	0.3000	0.3000	0.5940	0.0000	0.0000
201	0.3000	0.3000	0.5970	0.0000	0.0000
202	0.3000	0.3000	0.5999	0.0000	0.0000
203	0.3000	0.3000	0.6030	0.0000	0.0004
204	0.3000	0.3000	0.6060	0.0000	0.0000
205	0.3000	0.3000	0.6089	0.0000	0.0000
206	0.3000	0.3000	0.6119	0.0000	0.0000
207	0.3000	0.3000	0.6150	0.0000	0.0000
208	0.3000	0.3000	0.6180	0.0000	0.0000
209	0.3000	0.3000	0.6209	0.0000	0.0000
210	0.3000	0.3000	0.6240	0.0000	0.0004
211	0.3000	0.3000	0.6270	0.0000	0.0000
212	0.3000	0.3000	0.6299	0.0000	0.0000
213	0.3000	0.3000	0.6329	0.0000	0.0000
214	0.3000	0.3000	0.6360	0.0000	0.0000
215	0.3000	0.3000	0.6390	0.0000	0.0000
216	0.3000	0.3000	0.6419	0.0000	0.0000
217	0.3000	0.3000	0.6450	0.0001	0.0004
218	0.3000	0.3000	0.6480	0.0001	0.0000
219	0.3000	0.3000	0.6510	0.0001	0.0000
220	0.3000	0.3000	0.6539	0.0001	0.0000
221	0.3000	0.3000	0.6570	0.0001	0.0000
222	0.3000	0.3000	0.6600	0.0001	0.0000
223	0.3000	0.3000	0.6629	0.0001	0.0000
224	0.3000	0.3000	0.6660	0.0001	0.0004
225	0.3000	0.3000	0.6690	0.0001	0.0000
226	0.3000	0.3000	0.6720	0.0001	0.0000
227	0.3000	0.3000	0.6749	0.0001	0.0000
228	0.3000	0.3000	0.6779	0.0001	0.0004
229	0.3000	0.3000	0.6810	0.0001	0.0000
230	0.3000	0.3000	0.6839	0.0001	0.0000
231	0.3000	0.3000	0.6870	0.0001	0.0004
232	0.3000	0.3000	0.6900	0.0001	0.0000
233	0.3000	0.3000	0.6930	0.0001	0.0000
234	0.3000	0.3000	0.6959	0.0001	0.0000
235	0.3000	0.3000	0.6989	0.0001	0.0004
236	0.3000	0.3000	0.7020	0.0001	0.0000
237	0.3000	0.3000	0.7049	0.0001	0.0000
238	0.3000	0.3000	0.7080	0.0001	0.0004
239	0.3000	0.3000	0.7110	0.0001	0.0000
240	0.3000	0.3000	0.7140	0.0001	0.0000
241	0.3000	0.3000	0.7169	0.0001	0.0000
242	0.3000	0.3000	0.7199	0.0001	0.0004
243	0.3000	0.3000	0.7230	0.0001	0.0000
244	0.3000	0.3000	0.7259	0.0001	0.0000
245	0.3000	0.3000	0.7289	0.0001	0.0000
246	0.3000	0.3000	0.7320	0.0001	0.0000
247	0.3000	0.3000	0.7350	0.0001	0.0000
248	0.3000	0.3000	0.7379	0.0001	0.0000
249	0.3000	0.3000	0.7410	0.0001	0.0004
250	0.3000	0.3000	0.7440	0.0001	0.0000
251	0.3000	0.3000	0.7469	0.0001	0.0000
252	0.3000	0.3000	0.7499	0.0001	0.0000
253	0.3000	0.3000	0.7530	0.0001	0.0000
254	0.3000	0.3000	0.7560	0.0001	0.0000
255	0.3000	0.3000	0.7589	0.0001	0.0000
256	0.3000	0.3000	0.7620	0.0001	0.0004
257	0.3000	0.3000	0.7650	0.0001	0.0000
258	0.3000	0.3000	0.7679	0.0001	0.0000
259	0.3000	0.3000	0.7709	0.0001	0.0000
260	0.3000	0.3000	0.7740	0.0001	0.0000
261	0.3000	0.3000	0.7770	0.0001	0.0000
262	0.3000	0.3000	0.7799	0.0001	0.0000
263	0.3000	0.3000	0.7830	0.0001	0.0004
264	0.3000	0.3000	0.7860	0.0001	0.0000
265	0.3000	0.3000	0.7889	0.0001	0.0000
266	0.3000	0.3000	0.7919	0.0001	0.0000
267	0.3000	0.3000	0.7950	0.0001	0.0000
268	0.3000	0.3000	0.7980	0.0001	0.0000
269	0.3000	0.3000	0.8009	0.0001	0.0000
270	0.3000	0.3000	0.8040	0.0001	0.0004
271	0.3000	0.3000	0.8070	0.0001	0.0000
272	0.3000	0.3000	0.8099	0.0001	0.0000
273	0.3000	0.3000	0.8129	0.0001	0.0000
274	0.3000	0.3000	0.8159	0.0001	0.0004
275	0.3000	0.3000	0.8190	0.0001	0.0000
276	0.3000	0.3000	0.8219	0.0001	0.0000
277	0.3000	0.3000	0.8250	0.0001	0.0004
278	0.3000	0.3000	0.8280	0.0001	0.0000
279	0.3000	0.3000	0.8310	0.0001	0.0000
280	0.3000	0.3000	0.8339	0.0001	0.0000
281	0.3000	0.3000	0.8369	0.0001	0.0004
282	0.3000	0.3000	0.8400	0.0001	0.0000
283	0.3000	0.3000	0.8429	0.0001	0.0000
284	0.3000	0.3000	0.8460	0.0001	0.0004
285	0.3000	0.3000	0.8490	0.0001	0.0000
286	0.3000	0.3000	0.8520	0.0001	0.0000
287	0.3000	0.3000	0.8549	0.0001	0.0000
288	0.3000	0.3000	0.8579	0.0001	0.0004
289	0.3000	0.3000	0.8610	0.0001	0.0000
290	0.3000	0.3000	0.8639	0.0001	0.0000
291	0.3000	0.3000	0.8669	0.0001	0.0000
292	0.3000	0.3000	0.8700	0.0001	0.0000
293	0.3000	0.3000	0.8730	0.0001	0.0000
294	0.3000	0.3000	0.8759	0.0001	0.0000
295	0.3000	0.3000	0.8789	0.0001	0.0004
296	0.3000	0.3000	0.8820	0.0001	0.0000
297	0.3000	0.3000	0.8849	0.0001	0.0000
298	0.3000	0.3000	0.8879	0.0001	0.0000
299	0.3000	0.3000	0.8910	0.0001	0.0000
300	0.3000	0.3000	0.8940	0.0001	0.0000
301	0.3000	0.3000	0.8969	0.0001	0.0000
302	0.3000	0.3000	0.8999	0.0001	0.0004
303	0.3000	0.3000	0.9030	0.0001	0.0000
304	0.3000	0.3000	0.9059	0.0001	0.0000
305	0.3000	0.3000	0.9089	0.0001	0.0000
306	0.3000	0.3000	0.9120	0.0001	0.0000
307	0.3000	0.3000	0.9150	0.0001	0.0000
308	0.3000	0.3000	0.9179	0.0001	0.0000
309	0.3000	0.3000	0.9210	0.0001	0.0004
310	0.3000	0.3000	0.9240	0.0001	0.0000
311	0.3000	0.3000	0.9269	0.0001	0.0000
312	0.3000	0.3000	0.9299	0.0001	0.0000
313	0.3000	0.3000	0.9330	0.0001	0.0000
314	0.3000	0.3000	0.9360	0.0001	0.0000
315	0.3000	0.3000	0.9389	0.0001	0.0000
316	0.3000	0.3000	0.9420	0.0001	0.0004
317	0.3000	0.3000	0.9450	0.0001	0.0000
318	0.3000	0.3000	0.9479	0.0001	0.0000
319	0.3000	0.3000	0.9509	0.0001	0.0000
320	0.3000	0.3000	0.9539	0.0001	0.0004
321	0.3000	0.3000	0.9570	0.0001	0.0000
322	0.3000	0.3000	0.9599	0.0001	0.0000
323	0.3000	0.3000	0.9630	0.0001	0.0004
324	0.3000	0.3000	0.9660	0.0001	0.0000
325	0.3000	0.3000	0.9689	0.0001	0.0000
326	0.3000	0.3000	0.9719	0.0001	0.0000
327	0.3000	0.3000	0.9749	0.0001	0.0004
328	0.3000	0.3000	0.9780	0.0001	0.0000
329	0.3000	0.3000	0.9809	0.0001	0.0000
330	0.3000	0.3000	0.9840	0.0001	0.0004
331	0.3000	0.3000	0.9870	0.0001	0.0000
332	0.3000	0.3000	0.9899	0.0001	0.0000
333	0.3000	0.3000	0.9929	0.0001	0.0000
334	0.3000	0.3000	0.9959	0.0001	0.0004
335	0.3000	0.3000	0.9990	0.0001	0.0000
336	0.3000	0.3000	1.0019	0.0001	0.0000
337	0.0000	0.0000	1.0049	0.0001	0.0000
0	0.0000	0.0000	1.0080	0.0001	0.0000
1	-0.3000	0.3000	1.0080	0.0001	0.0000
2	-0.3000	0.3000	1.0080	0.0001	0.0000
3	-0.3000	0.3000	1.0080	0.0001	0.0232
4	-0.3000	0.3000	1.0080	0.0001	0.0464
5	-0.3000	0.3000	1.0080	0.0001	0.0700
6	-0.3000	0.3000	1.0080	0.0001	0.0936
7	-0.3000	0.3000	1.0080	0.0001	0.1169
8	-0.3000	0.3000	1.0080	0.0001	0.1401
9	-0.3000	0.3000	1.0080	0.0001	0.1637
10	-0.3000	0.3000	1.0080	0.0001	0.1873
11	-0.3000	0.3000	1.0080	0.0001	0.2105
12	-0.3000	0.3000	1.0080	0.0001	0.2341
13	-0.3000	0.3000	1.0080	0.0001	0.2577
14	-0.3000	0.3000	1.0080	0.0001	0.2809
15	-0.3000	0.3000	1.0080	0.0001	0.3041
16	-0.3000	0.3000	1.0080	0.0001	0.3278
17	-0.3000	0.3000	1.0080	0.0001	0.3514
18	-0.3000	0.3000	1.0080	0.0001	0.3746
19	-0.3000	0.3000	1.0080	0.0001	0.3982
20	-0.3000	0.3000	1.0080	0.0001	0.4218
21	-0.3000	0.3000	1.0080	0.0001	0.4450
22	-0.3000	0.3000	1.0080	0.0001	0.4682
23	-0.3000	0.3000	1.0080	0.0001	0.4918
24	-0.3000	0.3000	1.0080	0.0001	0.5154
25	-0.3000	0.3000	1.0080	0.0001	0.5386
26	-0.3000	0.3000	1.0080	0.0001	0.5623
27	-0.3000	0.3000	1.0080	0.0001	0.5855
28	-0.3000	0.3000	1.0080	0.0001	0.6091
29	-0.3000	0.3000	1.0080	0.0001	0.6323
30	-0.3000	0.3000	1.0080	0.0001	0.6559
31	-0.3000	0.3000	1.0080	0.0001	0.6795
32	-0.3000	0.3000	1.0080	0.0001	0.7027
33	-0.3000	0.3000	1.0080	0.0001	0.7263
34	-0.3000	0.3000	1.0080	0.0001	0.7495
35	-0.3000	0.3000	1.0080	0.0001	0.7732
36	-0.3000	0.3000	1.0080	0.0001	0.7964
37	-0.3000	0.3000	1.0080	0.0001	0.8200
38	-0.3000	0.3000	1.0080	0.0001	0.8436
39	-0.3000	0.3000	1.0080	0.0001	0.8668
40	-0.3000	0.3000	1.0080	0.0001	0.8904
41	-0.3000	0.3000	1.0080	0.0001	0.9136
42	-0.3000	0.3000	1.0080	0.0001	0.9372
43	-0.3000	0.3000	1.0080	0.0001	0.9604
44	-0.3000	0.3000	1.0080	0.0001	0.9841
45	-0.3000	0.3000	1.0080	0.0001	1.0077
46	-0.3000	0.3000	1.0080	0.0001	1.0309
47	-0.3000	0.3000	1.0080	0.0001	1.0541
48	-0.3000	0.3000	1.0080	0.0001	1.0777
49	-0.3000	0.3000	1.0080	0.0001	1.1013
50	-0.3000	0.3000	1.0080	0.0001	1.1245
51	-0.3000	0.3000	1.0080	0.0001	1.1481
52	-0.3000	0.3000	1.0080	0.0001	1.1717
53	-0.3000	0.3000	1.0080	0.0001	1.1950
54	-0.3000	0.3000	1.0080	0.0001	1.2182
55	-0.3000	0.3000	1.0080	0.0001	1.2418
56	-0.3000	0.3000	1.0080	0.0001	1.2654
57	-0.3000	0.3000	1.0080	0.0001	1.2886
58	-0.3000	0.3000	1.0080	0.0001	1.3122
59	-0.3000	0.3000	1.0080	0.0001	1.3358
60	-0.3000	0.3000	1.0080	0.0001	1.3590
61	-0.3000	0.3000	1.0080	0.0001	1.3822
62	-0.3000	0.3000	1.0080	0.0001	1.4058
63	-0.3000	0.3000	1.0080	0.0001	1.4295
64	-0.3000	0.3000	1.0080	0.0001	1.4527
65	-0.3000	0.3000	1.0080	0.0001	1.4763
66	-0.3000	0.3000	1.0080	0.0001	1.4999
67	-0.3000	0.3000	1.0080	0.0001	1.5231
68	-0.3000	0.3000	1.0080	0.0001	1.5463
69	-0.3000	0.3000	1.0080	0.0001	1.5699
70	-0.3000	0.3000	1.0080	0.0001	1.5935
71	0.0000	0.0000	1.0080	0.0001	1.6167
0	0.0000	0.0000	1.0080	0.0001	1.6404
1	0.3000	0.3000	1.0080	0.0001	1.6404
2	0.3000	0.3000	1.0080	0.0001	1.6404
3	0.3000	0.3000	1.0078	0.0030	1.6408
4	0.3000	0.3000	1.0076	0.0060	1.6408
5	0.3000	0.3000	1.0074	0.0090	1.6404
6	0.3000	0.3000	1.0072	0.0120	1.6408
7	0.3000	0.3000	1.0070	0.0150	1.6408
8	0.3000	0.3000	1.0067	0.0179	1.6408
9	0.3000	0.3000	1.0065	0.0210	1.6408
10	0.3000	0.3000	1.0063	0.0240	1.6408
11	0.3000	0.3000	1.0061	0.0269	1.6408
12	0.3000	0.3000	1.0059	0.0300	1.6404
13	0.3000	0.3000	1.0057	0.0330	1.6408
14	0.3000	0.3000	1.0055	0.0359	1.6408
15	0.3000	0.3000	1.0053	0.0389	1.6408
16	0.3000	0.3000	1.0051	0.0420	1.6408
17	0.3000	0.3000	1.0049	0.0449	1.6408
18	0.3000	0.3000	1.0046	0.0479	1.6408
19	0.3000	0.3000	1.0044	0.0509	1.6404
20	0.3000	0.3000	1.0042	0.0539	1.6408
21	0.3000	0.3000	1.0040	0.0569	1.6408
22	0.3000	0.3000	1.0038	0.0598	1.6408
23	0.3000	0.3000	1.0036	0.0629	1.6404
24	0.3000	0.3000	1.0034	0.0659	1.6408
25	0.3000	0.3000	1.0032	0.0688	1.6408
26	0.3000	0.3000	1.0030	0.0719	1.6404
27	0.3000	0.3000	1.0028	0.0749	1.6408
28	0.3000	0.3000	1.0026	0.0778	1.6408
29	0.3000	0.3000	1.0023	0.0808	1.6408
30	0.3000	0.3000	1.0021	0.0838	1.6404
31	0.3000	0.3000	1.0019	0.0868	1.6408
32	0.3000	0.3000	1.0017	0.0898	1.6408
33	0.3000	0.3000	1.0015	0.0928	1.6404
34	0.3000	0.3000	1.0013	0.0958	1.6408
35	0.3000	0.3000	1.0011	0.0988	1.6408
36	0.3000	0.3000	1.0009	0.1017	1.6408
37	0.3000	0.3000	1.0007	0.1048	1.6404
38	0.3000	0.3000	1.0005	0.1078	1.6408
39	0.3000	0.3000	1.0003	0.1107	1.6408
40	0.3000	0.3000	1.0000	0.1138	1.6404
41	0.3000	0.3000	0.9998	0.1168	1.6408
42	0.3000	0.3000	0.9996	0.1197	1.6408
43	0.3000	0.3000	0.9994	0.1227	1.6408
44	0.3000	0.3000	0.9992	0.1257	1.6404
45	0.3000	0.3000	0.9990	0.1287	1.6408
46	0.3000	0.3000	0.9988	0.1317	1.6408
47	0.3000	0.3000	0.9986	0.1347	1.6404
48	0.3000	0.3000	0.9984	0.1377	1.6408
49	0.3000	0.3000	0.9982	0.1407	1.6408
50	0.3000	0.3000	0.9979	0.1437	1.6408
51	0.3000	0.3000	0.9977	0.1467	1.6404
52	0.3000	0.3000	0.9975	0.1497	1.6408
53	0.3000	0.3000	0.9973	0.1526	1.6408
54	0.3000	0.3000	0.9971	0.1556	1.6408
55	0.3000	0.3000	0.9969	0.1587	1.6408
56	0.3000	0.3000	0.9967	0.1616	1.6408
57	0.3000	0.3000	0.9965	0.1646	1.6408
58	0.3000	0.3000	0.9963	0.1676	1.6404
59	0.3000	0.3000	0.9961	0.1706	1.6408
60	0.3000	0.3000	0.9959	0.1736	1.6408
61	0.3000	0.3000	0.9956	0.1766	1.6408
62	0.3000	0.3000	0.9954	0.1796	1.6404
63	0.3000	0.3000	0.9952	0.1826	1.6408
64	0.3000	0.3000	0.9950	0.1856	1.6408
65	0.3000	0.3000	0.9948	0.1886	1.6404
66	0.3000	0.3000	0.9946	0.1916	1.6408
67	0.3000	0.3000	0.9944	0.1945	1.6408
68	0.3000	0.3000	0.9942	0.1975	1.6408
69	0.3000	0.3000	0.9940	0.2005	1.6404
70	0.3000	0.3000	0.9938	0.2035	1.6408
71	0.3000	0.3000	0.9936	0.2065	1.6408
72	0.3000	0.3000	0.9933	0.2095	1.6404
73	0.3000	0.3000	0.9931	0.2125	1.6408
74	0.3000	0.3000	0.9929	0.2155	1.6408
75	0.3000	0.3000	0.9927	0.2185	1.6408
76	0.3000	0.3000	0.9925	0.2215	1.6404
77	0.3000	0.3000	0.9923	0.2245	1.6408
78	0.3000	0.3000	0.9921	0.2275	1.6408
79	0.3000	0.3000	0.9919	0.2305	1.6404
80	0.3000	0.3000	0.9917	0.2335	1.6408
81	0.3000	0.3000	0.9915	0.2364	1.6408
82	0.3000	0.3000	0.9912	0.2394	1.6408
83	0.3000	0.3000	0.9910	0.2424	1.6404
84	0.3000	0.3000	0.9908	0.2454	1.6408
85	0.3000	0.3000	0.9906	0.2484	1.6408
86	0.3000	0.3000	0.9904	0.2514	1.6404
87	0.3000	0.3000	0.9902	0.2544	1.6408
88	0.3000	0.3000	0.9900	0.2574	1.6408
89	0.3000	0.3000	0.9898	0.2604	1.6408
90	0.3000	0.3000	0.9896	0.2634	1.6404
91	0.3000	0.3000	0.9894	0.2664	1.6408
92	0.3000	0.3000	0.9892	0.2694	1.6408
93	0.3000	0.3000	0.9889	0.2724	1.6404
94	0.3000	0.3000	0.9887	0.2754	1.6408
95	0.3000	0.3000	0.9885	0.2783	1.6408
96	0.3000	0.3000	0.9883	0.2813	1.6408
97	0.3000	0.3000	0.9881	0.2843	1.6404
98	0.3000	0.3000	0.9879	0.2873	1.6408
99	0.3000	0.3000	0.9877	0.2903	1.6408
100	0.3000	0.3000	0.9875	0.2933	1.6408
101	0.3000	0.3000	0.9873	0.2963	1.6408
102	0.3000	0.3000	0.9871	0.2993	1.6408
103	0.3000	0.3000	0.9868	0.3023	1.6408
104	0.3000	0.3000	0.9866	0.3053	1.6404
105	0.3000	0.3000	0.9864	0.3083	1.6408
106	0.3000	0.3000	0.9862	0.3113	1.6408
107	0.3000	0.3000	0.9860	0.3142	1.6408
108	0.3000	0.3000	0.9858	0.3172	1.6404
109	0.3000	0.3000	0.9856	0.3202	1.6408
110	0.3000	0.3000	0.9854	0.3232	1.6408
111	0.3000	0.3000	0.9852	0.3262	1.6404
112	0.3000	0.3000	0.9850	0.3292	1.6408
113	0.3000	0.3000	0.9848	0.3322	1.6408
114	0.3000	0.3000	0.9845	0.3352	1.6408
115	0.3000	0.3000	0.9843	0.3382	1.6404
116	0.3000	0.3000	0.9841	0.3412	1.6408
117	0.3000	0.3000	0.9839	0.3442	1.6408
118	0.3000	0.3000	0.9837	0.3472	1.6404
119	0.3000	0.3000	0.9835	0.3502	1.6408
120	0.3000	0.3000	0.9833	0.3532	1.6408
121	0.3000	0.3000	0.9831	0.3561	1.6408
122	0.3000	0.3000	0.9829	0.3591	1.6404
123	0.3000	0.3000	0.9827	0.3621	1.6408
124	0.3000	0.3000	0.9825	0.3651	1.6408
125	0.3000	0.3000	0.9822	0.3681	1.6404
126	0.3000	0.3000	0.9820	0.3711	1.6408
127	0.3000	0.3000	0.9818	0.3741	1.6408
128	0.3000	0.3000	0.9816	0.3771	1.6408
129	0.3000	0.3000	0.9814	0.3801	1.6404
130	0.3000	0.3000	0.9812	0.3831	1.6408
131	0.3000	0.3000	0.9810	0.3861	1.6408
132	0.3000	0.3000	0.9808	0.3891	1.6404
133	0.3000	0.3000	0.9806	0.3921	1.6408
134	0.3000	0.3000	0.9804	0.3951	1.6408
135	0.3000	0.3000	0.9801	0.3980	1.6408
136	0.3000	0.3000	0.9799	0.4010	1.6404
137	0.3000	0.3000	0.9797	0.4040	1.6408
138	0.3000	0.3000	0.9795	0.4070	1.6408
139	0.3000	0.3000	0.9793	0.4100	1.6404
140	0.3000	0.3000	0.9791	0.4130	1.6408
141	0.3000	0.3000	0.9789	0.4160	1.6408
142	0.3000	0.3000	0.9787	0.4190	1.6408
143	0.3000	0.3000	0.9785	0.4220	1.6404
144	0.3000	0.3000	0.9783	0.4250	1.6408
145	0.3000	0.3000	0.9781	0.4280	1.6408
146	0.3000	0.3000	0.9778	0.4309	1.6408
147	0.3000	0.3000	0.9776	0.4340	1.6408
148	0.3000	0.3000	0.9774	0.4370	1.6408
149	0.3000	0.3000	0.9772	0.4399	1.6408
150	0.3000	0.3000	0.9770	0.4429	1.6404
151	0.3000	0.3000	0.9768	0.4460	1.6408
152	0.3000	0.3000	0.9766	0.4489	1.6408
153	0.3000	0.3000	0.9764	0.4519	1.6408
154	0.3000	0.3000	0.9762	0.4549	1.6404
155	0.3000	0.3000	0.9760	0.4579	1.6408
156	0.3000	0.3000	0.9758	0.4609	1.6408
157	0.3000	0.3000	0.9755	0.4639	1.6404
158	0.3000	0.3000	0.9753	0.4669	1.6408
159	0.3000	0.3000	0.9751	0.4699	1.6408
160	0.3000	0.3000	0.9749	0.4728	1.6408
161	0.3000	0.3000	0.9747	0.4758	1.6404
162	0.3000	0.3000	0.9745	0.4789	1.6408
163	0.3000	0.3000	0.9743	0.4818	1.6408
164	0.3000	0.3000	0.9741	0.4848	1.6404
165	0.3000	0.3000	0.9739	0.4879	1.6408
166	0.3000	0.3000	0.9737	0.4908	1.6408
167	0.3000	0.3000	0.9734	0.4938	1.6408
168	0.3000	0.3000	0.9732	0.4968	1.6404
169	0.3000	0.3000	0.9730	0.4998	1.6408
170	0.3000	0.3000	0.9728	0.5028	1.6408
171	0.3000	0.3000	0.9726	0.5058	1.6404
172	0.3000	0.3000	0.9724	0.5088	1.6408
173	0.3000	0.3000	0.9722	0.5118	1.6408
174	0.3000	0.3000	0.9720	0.5147	1.6408
175	0.3000	0.3000	0.9718	0.5177	1.6404
176	0.3000	0.3000	0.9716	0.5208	1.6408
177	0.3000	0.3000	0.9714	0.5237	1.6408
178	0.3000	0.3000	0.9711	0.5267	1.6404
179	0.3000	0.3000	0.9709	0.5298	1.6408
180	0.3000	0.3000	0.9707	0.5327	1.6408
181	0.3000	0.3000	0.9705	0.5357	1.6408
182	0.3000	0.3000	0.9703	0.5387	1.6404
183	0.3000	0.3000	0.9701	0.5417	1.6408
184	0.3000	0.3000	0.9699	0.5447	1.6408
185	0.3000	0.3000	0.9697	0.5477	1.6404
186	0.3000	0.3000	0.9695	0.5507	1.6408
187	0.3000	0.3000	0.9693	0.5537	1.6408
188	0.3000	0.3000	0.9691	0.5566	1.6408
189	0.3000	0.3000	0.9688	0.5596	1.6404
190	0.3000	0.3000	0.9686	0.5627	1.6408
191	0.3000	0.3000	0.9684	0.5656	1.6408
192	0.3000	0.3000	0.9682	0.5686	1.6408
193	0.3000	0.3000	0.9680	0.5717	1.6408
194	0.3000	0.3000	0.9678	0.5746	1.6408
195	0.3000	0.3000	0.9676	0.5776	1.6408
196	0.3000	0.3000	0.9674	0.5806	1.6404
197	0.3000	0.3000	0.9672	0.5836	1.6408
198	0.3000	0.3000	0.9670	0.5866	1.6408
199	0.3000	0.3000	0.9667	0.5895	1.6408
200	0.3000	0.3000	0.9665	0.5926	1.6404
201	0.3000	0.3000	0.9663	0.5956	1.6408
202	0.3000	0.3000	0.9661	0.5985	1.6408
203	0.3000	0.3000	0.9659	0.6015	1.6404
204	0.3000	0.3000	0.9657	0.6046	1.6408
205	0.3000	0.3000	0.9655	0.6075	1.6408
206	0.3000	0.3000	0.9653	0.6105	1.6408
207	0.3000	0.3000	0.9651	0.6135	1.6404
208	0.3000	0.3000	0.9649	0.6165	1.6408
209	0.3000	0.3000	0.9647	0.6195	1.6408
210	0.3000	0.3000	0.9644	0.6225	1.6404
211	0.3000	0.3000	0.9642	0.6255	1.6408
212	0.3000	0.3000	0.9640	0.6285	1.6408
213	0.3000	0.3000	0.9638	0.6314	1.6408
214	0.3000	0.3000	0.9636	0.6345	1.6404
215	0.3000	0.3000	0.9634	0.6375	1.6408
216	0.3000	0.3000	0.9632	0.6404	1.6408
217	0.3000	0.3000	0.9630	0.6434	1.6404
218	0.3000	0.3000	0.9628	0.6465	1.6408
219	0.3000	0.3000	0.9626	0.6494	1.6408
220	0.3000	0.3000	0.9624	0.6524	1.6408
221	0.3000	0.3000	0.9621	0.6554	1.6404
222	0.3000	0.3000	0.9619	0.6584	1.6408
223	0.3000	0.3000	0.9617	0.6614	1.6408
224	0.3000	0.3000	0.9615	0.6644	1.6404
225	0.3000	0.3000	0.9613	0.6674	1.6408
226	0.3000	0.3000	0.9611	0.6704	1.6408
227	0.3000	0.3000	0.9609	0.6733	1.6408
228	0.3000	0.3000	0.9607	0.6764	1.6404
229	0.3000	0.3000	0.9605	0.6794	1.6408
230	0.3000	0.3000	0.9603	0.6823	1.6408
231	0.3000	0.3000	0.9600	0.6853	1.6404
232	0.3000	0.3000	0.9598	0.6884	1.6408
233	0.3000	0.3000	0.9596	0.6913	1.6408
234	0.3000	0.3000	0.9594	0.6943	1.6408
235	0.3000	0.3000	0.9592	0.6973	1.6404
236	0.3000	0.3000	0.9590	0.7003	1.6408
237	0.3000	0.3000	0.9588	0.7033	1.6408
238	0.3000	0.3000	0.9586	0.7062	1.6408
239	0.3000	0.3000	0.9584	0.7093	1.6408
240	0.3000	0.3000	0.9582	0.7123	1.6408
241	0.3000	0.3000	0.9580	0.7152	1.6408
242	0.3000	0.3000	0.9577	0.7183	1.6404
243	0.3000	0.3000	0.9575	0.7213	1.6408
244	0.3000	0.3000	0.9573	0.7242	1.6408
245	0.3000	0.3000	0.9571	0.7272	1.6408
246	0.3000	0.3000	0.9569	0.7302	1.6404
247	0.3000	0.3000	0.9567	0.7332	1.6408
248	0.3000	0.3000	0.9565	0.7362	1.6408
249	0.3000	0.3000	0.9563	0.7392	1.6404
250	0.3000	0.3000	0.9561	0.7422	1.6408
251	0.3000	0.3000	0.9559	0.7452	1.6408
252	0.3000	0.3000	0.9557	0.7481	1.6408
253	0.3000	0.3000	0.9554	0.7512	1.6404
254	0.3000	0.3000	0.9552	0.7542	1.6408
255	0.3000	0.3000	0.9550	0.7571	1.6408
256	0.3000	0.3000	0.9548	0.7602	1.6404
257	0.3000	0.3000	0.9546	0.7632	1.6408
258	0.3000	0.3000	0.9544	0.7661	1.6408
259	0.3000	0.3000	0.9542	0.7691	1.6408
260	0.3000	0.3000	0.9540	0.7721	1.6404
261	0.3000	0.3000	0.9536	0.7781	1.6408
262	0.3000	0.3000	0.9533	0.7811	1.6404
263	0.3000	0.3000	0.9531	0.7841	1.6408
264	0.3000	0.3000	0.9529	0.7871	1.6408
265	0.3000	0.3000	0.9527	0.7900	1.6408
266	0.3000	0.3000	0.9525	0.7931	1.6404
267	0.3000	0.3000	0.9523	0.7961	1.6408
268	0.3000	0.3000	0.9521	0.7990	1.6408
269	0.3000	0.3000	0.9519	0.8021	1.6404
270	0.3000	0.3000	0.9517	0.8051	1.6408
271	0.3000	0.3000	0.9515	0.8080	1.6408
272	0.3000	0.3000	0.9513	0.8110	1.6408
273	0.3000	0.3000	0.9510	0.8140	1.6404
274	0.3000	0.3000	0.9508	0.8170	1.6408
275	0.3000	0.3000	0.9506	0.8200	1.6408
276	0.3000	0.3000	0.9504	0.8230	1.6404
277	0.3000	0.3000	0.9502	0.8260	1.6408
278	0.3000	0.3000	0.9500	0.8290	1.6408
279	0.3000	0.3000	0.9498	0.8320	1.6408
280	0.3000	0.3000	0.9496	0.8350	1.6404
281	0.3000	0.3000	0.9494	0.8380	1.6408
282	0.3000	0.3000	0.9492	0.8409	1.6408
283	0.3000	0.3000	0.9490	0.8439	1.6408
284	0.3000	0.3000	0.9487	0.8470	1.6408
285	0.3000	0.3000	0.9485	0.8499	1.6408
286	0.3000	0.3000	0.9483	0.8529	1.6408
287	0.3000	0.3000	0.9481	0.8559	1.6404
288	0.3000	0.3000	0.9479	0.8589	1.6408
289	0.3000	0.3000	0.9477	0.8619	1.6408
290	0.3000	0.3000	0.9475	0.8649	1.6408
291	0.3000	0.3000	0.9473	0.8679	1.6404
292	0.3000	0.3000	0.9471	0.8709	1.6408
293	0.3000	0.3000	0.9469	0.8739	1.6408
294	0.3000	0.3000	0.9466	0.8769	1.6404
295	0.3000	0.3000	0.9464	0.8799	1.6408
296	0.3000	0.3000	0.9462	0.8828	1.6408
297	0.3000	0.3000	0.9460	0.8858	1.6408
298	0.3000	0.3000	0.9458	0.8888	1.6404
299	0.3000	0.3000	0.9456	0.8918	1.6408
300	0.3000	0.3000	0.9454	0.8948	1.6408
301	0.3000	0.3000	0.9452	0.8978	1.6404
302	0.3000	0.3000	0.9450	0.9008	1.6408
303	0.3000	0.3000	0.9448	0.9038	1.6408
304	0.3000	0.3000	0.9446	0.9068	1.6408
305	0.3000	0.3000	0.9443	0.9098	1.6404
306	0.3000	0.3000	0.9441	0.9128	1.6408
307	0.3000	0.3000	0.9439	0.9158	1.6408
308	0.3000	0.3000	0.9437	0.9188	1.6404
309	0.3000	0.3000	0.9435	0.9218	1.6408
310	0.3000	0.3000	0.9433	0.9247	1.6408
311	0.3000	0.3000	0.9431	0.9277	1.6408
312	0.3000	0.3000	0.9429	0.9307	1.6404
313	0.3000	0.3000	0.9427	0.9337	1.6408
314	0.3000	0.3000	0.9425	0.9367	1.6408
315	0.3000	0.3000	0.9422	0.9397	1.6404
316	0.3000	0.3000	0.9420	0.9427	1.6408
317	0.3000	0.3000	0.9418	0.9457	1.6408
318	0.3000	0.3000	0.9416	0.9487	1.6408
319	0.3000	0.3000	0.9414	0.9517	1.6404
320	0.3000	0.3000	0.9412	0.9547	1.6408
321	0.3000	0.3000	0.9410	0.9577	1.6408
322	0.3000	0.3000	0.9408	0.9606	1.6408
323	0.3000	0.3000	0.9406	0.9637	1.6408
324	0.3000	0.3000	0.9404	0.9666	1.6408
325	0.3000	0.3000	0.9402	0.9696	1.6408
326	0.3000	0.3000	0.9399	0.9726	1.6404
327	0.3000	0.3000	0.9397	0.9756	1.6408
328	0.3000	0.3000	0.9395	0.9786	1.6408
329	0.3000	0.3000	0.9393	0.9816	1.6408
330	0.3000	0.3000	0.9391	0.9846	1.6408
331	0.3000	0.3000	0.9389	0.9876	1.6408
332	0.3000	0.3000	0.9387	0.9906	1.6408
333	0.3000	0.3000	0.9385	0.9936	1.6404
334	0.3000	0.3000	0.9383	0.9966	1.6408
335	0.3000	0.3000	0.9381	0.9996	1.6408
336	0.0000	0.0000	0.9379	1.0025	1.6408
0	0.0000	0.0000	0.9376	1.0055	1.6404
1	-0.3000	0.3000	0.9376	1.0055	1.6404
2	-0.3000	0.3000	0.9376	1.0055	1.6404
3	-0.3000	0.3000	0.9376	1.0056	1.6640
4	-0.3000	0.3000	0.9376	1.0056	1.6872
5	-0.3000	0.3000	0.9376	1.0056	1.7104
6	-0.3000	0.3000	0.9376	1.0056	1.7340
7	-0.3000	0.3000	0.9376	1.0056	1.7576
8	-0.3000	0.3000	0.9376	1.0056	1.7808
9	-0.3000	0.3000	0.9376	1.0056	1.8040
10	-0.3000	0.3000	0.9376	1.0056	1.8280
11	-0.3000	0.3000	0.9376	1.0056	1.8513
12	-0.3000	0.3000	0.9376	1.0056	1.8745
13	-0.3000	0.3000	0.9376	1.0056	1.8981
14	-0.3000	0.3000	0.9376	1.0056	1.9217
15	-0.3000	0.3000	0.9376	1.0056	1.9449
16	-0.3000	0.3000	0.9376	1.0056	1.9681
17	-0.3000	0.3000	0.9376	1.0056	1.9921
18	-0.3000	0.3000	0.9376	1.0056	2.0153
19	-0.3000	0.3000	0.9376	1.0056	2.0385
20	-0.3000	0.3000	0.9376	1.0056	2.0622
21	-0.3000	0.3000	0.9376	1.0056	2.0858
22	-0.3000	0.3000	0.9376	1.0056	2.1090
23	-0.3000	0.3000	0.9376	1.0056	2.1322
24	-0.3000	0.3000	0.9376	1.0056	2.1558
25	-0.3000	0.3000	0.9376	1.0056	2.1794
26	-0.3000	0.3000	0.9376	1.0056	2.2026
27	-0.3000	0.3000	0.9376	1.0056	2.2262
28	-0.3000	0.3000	0.9376	1.0056	2.2498
29	-0.3000	0.3000	0.9376	1.0056	2.2731
30	-0.3000	0.3000	0.9376	1.0056	2.2963
31	-0.3000	0.3000	0.9376	1.0056	2.3199
32	-0.3000	0.3000	0.9376	1.0056	2.3435
33	-0.3000	0.3000	0.9376	1.0056	2.3667
34	-0.3000	0.3000	0.9376	1.0056	2.3903
35	-0.3000	0.3000	0.9376	1.0056	2.4139
36	-0.3000	0.3000	0.9376	1.0056	2.4371
37	-0.3000	0.3000	0.9376	1.0056	2.4603
38	-0.3000	0.3000	0.9376	1.0056	2.4839
39	-0.3000	0.3000	0.9376	1.0056	2.5076
40	-0.3000	0.3000	0.9376	1.0056	2.5308
41	-0.3000	0.3000	0.9376	1.0056	2.5544
42	-0.3000	0.3000	0.9376	1.0056	2.5780
43	-0.3000	0.3000	0.9376	1.0056	2.6012
44	-0.3000	0.3000	0.9376	1.0056	2.6244
45	-0.3000	0.3000	0.9376	1.0056	2.6480
46	-0.3000	0.3000	0.9376	1.0056	2.6716
47	-0.3000	0.3000	0.9376	1.0056	2.6948
48	-0.3000	0.3000	0.9376	1.0056	2.7181
49	-0.3000	0.3000	0.9376	1.0056	2.7421
50	-0.3000	0.3000	0.9376	1.0056	2.7653
51	-0.3000	0.3000	0.9376	1.0056	2.7885
52	-0.3000	0.3000	0.9376	1.0056	2.8121
53	-0.3000	0.3000	0.9376	1.0056	2.8357
54	-0.3000	0.3000	0.9376	1.0056	2.8589
55	-0.3000	0.3000	0.9376	1.0056	2.8821
56	-0.3000	0.3000	0.9376	1.0056	2.9061
57	-0.3000	0.3000	0.9376	1.0056	2.9294
58	-0.3000	0.3000	0.9376	1.0056	2.9526
59	-0.3000	0.3000	0.9376	1.0056	2.9762
60	-0.3000	0.3000	0.9376	1.0056	2.9998
61	-0.3000	0.3000	0.9376	1.0056	3.0230
62	-0.3000	0.3000	0.9376	1.0056	3.0462
63	-0.3000	0.3000	0.9376	1.0056	3.0698
64	-0.3000	0.3000	0.9376	1.0056	3.0934
65	-0.3000	0.3000	0.9376	1.0056	3.1166
66	-0.3000	0.3000	0.9376	1.0056	3.1403
67	-0.3000	0.3000	0.9376	1.0056	3.1639
68	-0.3000	0.3000	0.9376	1.0056	3.1871
69	-0.3000	0.3000	0.9376	1.0056	3.2103
70	-0.3000	0.3000	0.9376	1.0056	3.2339
71	0.0000	0.0000	0.9376	1.0056	3.2575
0	0.0000	0.0000	0.9376	1.0056	3.2807
1	0.3000	0.3000	0.9376	1.0056	3.2807
2	0.3000	0.3000	0.9376	1.0056	3.2807
3	0.3000	0.3000	0.9347	1.0052	3.2815
4	0.3000	0.3000	0.9317	1.0048	3.2811
5	0.3000	0.3000	0.9288	1.0043	3.2811
6	0.3000	0.3000	0.9258	1.0039	3.2811
7	0.3000	0.3000	0.9228	1.0035	3.2815
8	0.3000	0.3000	0.9198	1.0031	3.2811
9	0.3000	0.3000	0.9169	1.0027	3.2811
10	0.3000	0.3000	0.9139	1.0023	3.2815
11	0.3000	0.3000	0.9109	1.0018	3.2811
12	0.3000	0.3000	0.9080	1.0014	3.2811
13	0.3000	0.3000	0.9050	1.0010	3.2811
14	0.3000	0.3000	0.9020	1.0006	3.2815
15	0.3000	0.3000	0.8990	1.0002	3.2811
16	0.3000	0.3000	0.8961	0.9998	3.2811
17	0.3000	0.3000	0.8931	0.9993	3.2815
18	0.3000	0.3000	0.8902	0.9989	3.2815
19	0.3000	0.3000	0.8872	0.9985	3.2811
20	0.3000	0.3000	0.8842	0.9981	3.2811
21	0.3000	0.3000	0.8812	0.9977	3.2815
22	0.3000	0.3000	0.8782	0.9972	3.2811
23	0.3000	0.3000	0.8753	0.9968	3.2811
24	0.3000	0.3000	0.8724	0.9964	3.2811
25	0.3000	0.3000	0.8694	0.9960	3.2815
26	0.3000	0.3000	0.8664	0.9956	3.2811
27	0.3000	0.3000	0.8634	0.9952	3.2811
28	0.3000	0.3000	0.8604	0.9947	3.2815
29	0.3000	0.3000	0.8574	0.9943	3.2811
30	0.3000	0.3000	0.8545	0.9939	3.2811
31	0.3000	0.3000	0.8516	0.9935	3.2811
32	0.3000	0.3000	0.8486	0.9931	3.2815
33	0.3000	0.3000	0.8456	0.9927	3.2811
34	0.3000	0.3000	0.8426	0.9922	3.2811
35	0.3000	0.3000	0.8396	0.9918	3.2815
36	0.3000	0.3000	0.8367	0.9914	3.2811
37	0.3000	0.3000	0.8337	0.9910	3.2811
38	0.3000	0.3000	0.8308	0.9906	3.2811
39	0.3000	0.3000	0.8278	0.9902	3.2815
40	0.3000	0.3000	0.8248	0.9897	3.2811
41	0.3000	0.3000	0.8218	0.9893	3.2811
42	0.3000	0.3000	0.8188	0.9889	3.2815
43	0.3000	0.3000	0.8159	0.9885	3.2811
44	0.3000	0.3000	0.8129	0.9881	3.2811
45	0.3000	0.3000	0.8100	0.9877	3.2811
46	0.3000	0.3000	0.8070	0.9872	3.2815
47	0.3000	0.3000	0.8040	0.9868	3.2811
48	0.3000	0.3000	0.8010	0.9864	3.2811
49	0.3000	0.3000	0.7981	0.9860	3.2815
50	0.3000	0.3000	0.7951	0.9856	3.2811
51	0.3000	0.3000	0.7921	0.9851	3.2811
52	0.3000	0.3000	0.7892	0.9847	3.2811
53	0.3000	0.3000	0.7862	0.9843	3.2815
54	0.3000	0.3000	0.7832	0.9839	3.2811
55	0.3000	0.3000	0.7802	0.9835	3.2811
56	0.3000	0.3000	0.7773	0.9831	3.2815
57	0.3000	0.3000	0.7743	0.9826	3.2815
58	0.3000	0.3000	0.7713	0.9822	3.2811
59	0.3000	0.3000	0.7684	0.9818	3.2811
60	0.3000	0.3000	0.7654	0.9814	3.2815
61	0.3000	0.3000	0.7624	0.9810	3.2811
62	0.3000	0.3000	0.7594	0.9805	3.2811
63	0.3000	0.3000	0.7565	0.9801	3.2815
64	0.3000	0.3000	0.7535	0.9797	3.2815
65	0.3000	0.3000	0.7505	0.9793	3.2811
66	0.3000	0.3000	0.7476	0.9789	3.2811
67	0.3000	0.3000	0.7446	0.9785	3.2815
68	0.3000	0.3000	0.7387	0.9776	3.2811
69	0.3000	0.3000	0.7357	0.9772	3.2811
70	0.3000	0.3000	0.7327	0.9768	3.2815
71	0.3000	0.3000	0.7297	0.9764	3.2811
72	0.3000	0.3000	0.7268	0.9760	3.2811
73	0.3000	0.3000	0.7238	0.9755	3.2815
74	0.3000	0.3000	0.7208	0.9751	3.2811
75	0.3000	0.3000	0.7179	0.9747	3.2811
76	0.3000	0.3000	0.7149	0.9743	3.2811
77	0.3000	0.3000	0.7119	0.9739	3.2815
78	0.3000	0.3000	0.7089	0.9734	3.2811
79	0.3000	0.3000	0.7060	0.9730	3.2811
80	0.3000	0.3000	0.7030	0.9726	3.2815
81	0.3000	0.3000	0.7000	0.9722	3.2811
82	0.3000	0.3000	0.6971	0.9718	3.2811
83	0.3000	0.3000	0.6941	0.9714	3.2811
84	0.3000	0.3000	0.6911	0.9709	3.2815
85	0.3000	0.3000	0.6881	0.9705	3.2811
86	0.3000	0.3000	0.6852	0.9701	3.2811
87	0.3000	0.3000	0.6822	0.9697	3.2815
88	0.3000	0.3000	0.6792	0.9693	3.2811
89	0.3000	0.3000	0.6763	0.9689	3.2811
90	0.3000	0.3000	0.6733	0.9684	3.2811
91	0.3000	0.3000	0.6703	0.9680	3.2815
92	0.3000	0.3000	0.6673	0.9676	3.2811
93	0.3000	0.3000	0.6644	0.9672	3.2811
94	0.3000	0.3000	0.6614	0.9668	3.2815
95	0.3000	0.3000	0.6584	0.9663	3.2811
96	0.3000	0.3000	0.6555	0.9659	3.2811
97	0.3000	0.3000	0.6525	0.9655	3.2811
98	0.3000	0.3000	0.6495	0.9651	3.2815
99	0.3000	0.3000	0.6465	0.9647	3.2811
100	0.3000	0.3000	0.6436	0.9643	3.2811
101	0.3000	0.3000	0.6406	0.9638	3.2815
102	0.3000	0.3000	0.6377	0.9634	3.2815
103	0.3000	0.3000	0.6347	0.9630	3.2811
104	0.3000	0.3000	0.6317	0.9626	3.2811
105	0.3000	0.3000	0.6287	0.9622	3.2815
106	0.3000	0.3000	0.6257	0.9618	3.2811
107	0.3000	0.3000	0.6228	0.9613	3.2811
108	0.3000	0.3000	0.6198	0.9609	3.2815
109	0.3000	0.3000	0.6169	0.9605	3.2815
110	0.3000	0.3000	0.6139	0.9601	3.2811
111	0.3000	0.3000	0.6109	0.9597	3.2811
112	0.3000	0.3000	0.6079	0.9592	3.2815
113	0.3000	0.3000	0.6049	0.9588	3.2811
114	0.3000	0.3000	0.6020	0.9584	3.2811
115	0.3000	0.3000	0.5991	0.9580	3.2811
116	0.3000	0.3000	0.5961	0.9576	3.2815
117	0.3000	0.3000	0.5931	0.9572	3.2811
118	0.3000	0.3000	0.5901	0.9567	3.2811
119	0.3000	0.3000	0.5871	0.9563	3.2815
120	0.3000	0.3000	0.5841	0.9559	3.2811
121	0.3000	0.3000	0.5812	0.9555	3.2811
122	0.3000	0.3000	0.5783	0.9551	3.2811
123	0.3000	0.3000	0.5753	0.9547	3.2815
124	0.3000	0.3000	0.5723	0.9542	3.2811
125	0.3000	0.3000	0.5693	0.9538	3.2811
126	0.3000	0.3000	0.5663	0.9534	3.2815
127	0.3000	0.3000	0.5633	0.9530	3.2811
128	0.3000	0.3000	0.5604	0.9526	3.2811
129	0.3000	0.3000	0.5575	0.9522	3.2811
130	0.3000	0.3000	0.5545	0.9517	3.2815
131	0.3000	0.3000	0.5515	0.9513	3.2811
132	0.3000	0.3000	0.5485	0.9509	3.2811
133	0.3000	0.3000	0.5455	0.9505	3.2815
134	0.3000	0.3000	0.5425	0.9501	3.2811
135	0.3000	0.3000	0.5396	0.9496	3.2811
136	0.3000	0.3000	0.5367	0.9492	3.2811
137	0.3000	0.3000	0.5337	0.9488	3.2815
138	0.3000	0.3000	0.5307	0.9484	3.2811
139	0.3000	0.3000	0.5277	0.9480	3.2811
140	0.3000	0.3000	0.5247	0.9476	3.2815
141	0.3000	0.3000	0.5218	0.9471	3.2811
142	0.3000	0.3000	0.5188	0.9467	3.2811
143	0.3000	0.3000	0.5159	0.9463	3.2811
144	0.3000	0.3000	0.5129	0.9459	3.2815
145	0.3000	0.3000	0.5099	0.9455	3.2811
146	0.3000	0.3000	0.5069	0.9451	3.2811
147	0.3000	0.3000	0.5039	0.9446	3.2815
148	0.3000	0.3000	0.5010	0.9442	3.2815
149	0.3000	0.3000	0.4980	0.9438	3.2811
150	0.3000	0.3000	0.4951	0.9434	3.2811
151	0.3000	0.3000	0.4921	0.9430	3.2815
152	0.3000	0.3000	0.4891	0.9425	3.2811
153	0.3000	0.3000	0.4861	0.9421	3.2811
154	0.3000	0.3000	0.4831	0.9417	3.2815
155	0.3000	0.3000	0.4802	0.9413	3.2815
156	0.3000	0.3000	0.4772	0.9409	3.2811
157	0.3000	0.3000	0.4743	0.9405	3.2811
158	0.3000	0.3000	0.4713	0.9400	3.2815
159	0.3000	0.3000	0.4683	0.9396	3.2811
160	0.3000	0.3000	0.4653	0.9392	3.2811
161	0.3000	0.3000	0.4624	0.9388	3.2811
162	0.3000	0.3000	0.4594	0.9384	3.2815
163	0.3000	0.3000	0.4564	0.9380	3.2811
164	0.3000	0.3000	0.4535	0.9375	3.2811
165	0.3000	0.3000	0.4505	0.9371	3.2815
166	0.3000	0.3000	0.4475	0.9367	3.2811
167	0.3000	0.3000	0.4445	0.9363	3.2811
168	0.3000	0.3000	0.4416	0.9359	3.2811
169	0.3000	0.3000	0.4386	0.9354	3.2815
170	0.3000	0.3000	0.4356	0.9350	3.2811
171	0.3000	0.3000	0.4327	0.9346	3.2811
172	0.3000	0.3000	0.4297	0.9342	3.2815
173	0.3000	0.3000	0.4267	0.9338	3.2811
174	0.3000	0.3000	0.4238	0.9334	3.2811
175	0.3000	0.3000	0.4208	0.9329	3.2811
176	0.3000	0.3000	0.4178	0.9325	3.2815
177	0.3000	0.3000	0.4148	0.9321	3.2811
178	0.3000	0.3000	0.4119	0.9317	3.2811
179	0.3000	0.3000	0.4089	0.9313	3.2815
180	0.3000	0.3000	0.4059	0.9308	3.2811
181	0.3000	0.3000	0.4030	0.9304	3.2811
182	0.3000	0.3000	0.4000	0.9300	3.2811
183	0.3000	0.3000	0.3970	0.9296	3.2815
184	0.3000	0.3000	0.3940	0.9292	3.2811
185	0.3000	0.3000	0.3911	0.9288	3.2811
186	0.3000	0.3000	0.3881	0.9283	3.2815
187	0.3000	0.3000	0.3851	0.9279	3.2811
188	0.3000	0.3000	0.3822	0.9275	3.2811
189	0.3000	0.3000	0.3792	0.9271	3.2811
190	0.3000	0.3000	0.3762	0.9267	3.2815
191	0.3000	0.3000	0.3732	0.9263	3.2811
192	0.3000	0.3000	0.3703	0.9258	3.2811
193	0.3000	0.3000	0.3673	0.9254	3.2815
194	0.3000	0.3000	0.3644	0.9250	3.2815
195	0.3000	0.3000	0.3614	0.9246	3.2811
196	0.3000	0.3000	0.3584	0.9242	3.2811
197	0.3000	0.3000	0.3554	0.9238	3.2815
198	0.3000	0.3000	0.3524	0.9233	3.2811
199	0.3000	0.3000	0.3495	0.9229	3.2811
200	0.3000	0.3000	0.3465	0.9225	3.2815
201	0.3000	0.3000	0.3436	0.9221	3.2815
202	0.3000	0.3000	0.3406	0.9217	3.2811
203	0.3000	0.3000	0.3376	0.9213	3.2811
204	0.3000	0.3000	0.3346	0.9208	3.2815
205	0.3000	0.3000	0.3316	0.9204	3.2811
206	0.3000	0.3000	0.3287	0.9200	3.2811
207	0.3000	0.3000	0.3258	0.9196	3.2811
208	0.3000	0.3000	0.3228	0.9192	3.2815
209	0.3000	0.3000	0.3198	0.9187	3.2811
210	0.3000	0.3000	0.3168	0.9183	3.2811
211	0.3000	0.3000	0.3138	0.9179	3.2815
212	0.3000	0.3000	0.3108	0.9175	3.2811
213	0.3000	0.3000	0.3079	0.9171	3.2811
214	0.3000	0.3000	0.3050	0.9167	3.2811
215	0.3000	0.3000	0.3020	0.9162	3.2815
216	0.3000	0.3000	0.2990	0.9158	3.2811
217	0.3000	0.3000	0.2960	0.9154	3.2811
218	0.3000	0.3000	0.2930	0.9150	3.2815
219	0.3000	0.3000	0.2900	0.9146	3.2811
220	0.3000	0.3000	0.2871	0.9142	3.2811
221	0.3000	0.3000	0.2842	0.9137	3.2811
222	0.3000	0.3000	0.2812	0.9133	3.2815
223	0.3000	0.3000	0.2782	0.9129	3.2811
224	0.3000	0.3000	0.2752	0.9125	3.2811
225	0.3000	0.3000	0.2722	0.9121	3.2815
226	0.3000	0.3000	0.2692	0.9116	3.2811
227	0.3000	0.3000	0.2663	0.9112	3.2811
228	0.3000	0.3000	0.2634	0.9108	3.2811
229	0.3000	0.3000	0.2604	0.9104	3.2815
230	0.3000	0.3000	0.2574	0.9100	3.2811
231	0.3000	0.3000	0.2544	0.9096	3.2811
232	0.3000	0.3000	0.2514	0.9091	3.2815
233	0.3000	0.3000	0.2484	0.9087	3.2811
234	0.3000	0.3000	0.2455	0.9083	3.2811
235	0.3000	0.3000	0.2426	0.9079	3.2811
236	0.3000	0.3000	0.2396	0.9075	3.2815
237	0.3000	0.3000	0.2366	0.9070	3.2811
238	0.3000	0.3000	0.2336	0.9066	3.2811
239	0.3000	0.3000	0.2306	0.9062	3.2815
240	0.3000	0.3000	0.2277	0.9058	3.2815
241	0.3000	0.3000	0.2247	0.9054	3.2811
242	0.3000	0.3000	0.2218	0.9050	3.2811
243	0.3000	0.3000	0.2188	0.9045	3.2815
244	0.3000	0.3000	0.2158	0.9041	3.2811
245	0.3000	0.3000	0.2128	0.9037	3.2811
246	0.3000	0.3000	0.2098	0.9033	3.2815
247	0.3000	0.3000	0.2069	0.9029	3.2815
248	0.3000	0.3000	0.2039	0.9025	3.2811
249	0.3000	0.3000	0.2010	0.9020	3.2811
250	0.3000	0.3000	0.1980	0.9016	3.2815
251	0.3000	0.3000	0.1950	0.9012	3.2811
252	0.3000	0.3000	0.1920	0.9008	3.2811
253	0.3000	0.3000	0.1891	0.9004	3.2811
254	0.3000	0.3000	0.1861	0.9000	3.2815
255	0.3000	0.3000	0.1831	0.8995	3.2811
256	0.3000	0.3000	0.1802	0.8991	3.2811
257	0.3000	0.3000	0.1772	0.8987	3.2815
258	0.3000	0.3000	0.1742	0.8983	3.2811
259	0.3000	0.3000	0.1712	0.8979	3.2811
260	0.3000	0.3000	0.1683	0.8975	3.2811
261	0.3000	0.3000	0.1653	0.8970	3.2815
262	0.3000	0.3000	0.1623	0.8966	3.2811
263	0.3000	0.3000	0.1594	0.8962	3.2811
264	0.3000	0.3000	0.1564	0.8958	3.2815
265	0.3000	0.3000	0.1534	0.8954	3.2811
266	0.3000	0.3000	0.1504	0.8949	3.2811
267	0.3000	0.3000	0.1475	0.8945	3.2811
268	0.3000	0.3000	0.1445	0.8941	3.2815
269	0.3000	0.3000	0.1415	0.8937	3.2811
270	0.3000	0.3000	0.1386	0.8933	3.2811
271	0.3000	0.3000	0.1356	0.8929	3.2815
272	0.3000	0.3000	0.1326	0.8924	3.2811
273	0.3000	0.3000	0.1296	0.8920	3.2811
274	0.3000	0.3000	0.1267	0.8916	3.2811
275	0.3000	0.3000	0.1237	0.8912	3.2815
276	0.3000	0.3000	0.1207	0.8908	3.2811
277	0.3000	0.3000	0.1178	0.8903	3.2811
278	0.3000	0.3000	0.1148	0.8899	3.2815
279	0.3000	0.3000	0.1118	0.8895	3.2811
280	0.3000	0.3000	0.1089	0.8891	3.2811
281	0.3000	0.3000	0.1059	0.8887	3.2811
282	0.3000	0.3000	0.1029	0.8883	3.2815
283	0.3000	0.3000	0.0999	0.8878	3.2811
284	0.3000	0.3000	0.0970	0.8874	3.2811
285	0.3000	0.3000	0.0940	0.8870	3.2815
286	0.3000	0.3000	0.0910	0.8866	3.2815
287	0.3000	0.3000	0.0881	0.8862	3.2811
288	0.3000	0.3000	0.0851	0.8858	3.2811
289	0.3000	0.3000	0.0821	0.8853	3.2815
290	0.3000	0.3000	0.0791	0.8849	3.2811
291	0.3000	0.3000	0.0762	0.8845	3.2811
292	0.3000	0.3000	0.0732	0.8841	3.2815
293	0.3000	0.3000	0.0702	0.8837	3.2815
294	0.3000	0.3000	0.0673	0.8832	3.2811
295	0.3000	0.3000	0.0643	0.8828	3.2811
296	0.3000	0.3000	0.0613	0.8824	3.2815
297	0.3000	0.3000	0.0583	0.8820	3.2811
298	0.3000	0.3000	0.0554	0.8816	3.2811
299	0.3000	0.3000	0.0524	0.8812	3.2811
300	0.3000	0.3000	0.0495	0.8807	3.2815
301	0.3000	0.3000	0.0465	0.8803	3.2811
302	0.3000	0.3000	0.0435	0.8799	3.2811
303	0.3000	0.3000	0.0405	0.8795	3.2815
304	0.3000	0.3000	0.0375	0.8791	3.2811
305	0.3000	0.3000	0.0346	0.8787	3.2811
306	0.3000	0.3000	0.0316	0.8782	3.2811
307	0.3000	0.3000	0.0287	0.8778	3.2815
308	0.3000	0.3000	0.0257	0.8774	3.2811
309	0.3000	0.3000	0.0227	0.8770	3.2811
310	0.3000	0.3000	0.0197	0.8766	3.2815
311	0.3000	0.3000	0.0167	0.8761	3.2811
312	0.3000	0.3000	0.0138	0.8757	3.2811
313	0.3000	0.3000	0.0108	0.8753	3.2811
314	0.3000	0.3000	0.0079	0.8749	3.2815
315	0.3000	0.3000	0.0049	0.8745	3.2811
316	0.3000	0.3000	0.0019	0.8741	3.2811
317	0.3000	0.3000	-0.0011	0.8736	3.2815
318	0.3000	0.3000	-0.0041	0.8732	3.2811
319	0.3000	0.3000	-0.0070	0.8728	3.2811
320	0.3000	0.3000	-0.0099	0.8724	3.2811
321	0.3000	0.3000	-0.0129	0.8720	3.2815
322	0.3000	0.3000	-0.0159	0.8716	3.2811
323	0.3000	0.3000	-0.0189	0.8711	3.2811
324	0.3000	0.3000	-0.0219	0.8707	3.2815
325	0.3000	0.3000	-0.0249	0.8703	3.2811
326	0.3000	0.3000	-0.0278	0.8699	3.2811
327	0.3000	0.3000	-0.0307	0.8695	3.2811
328	0.3000	0.3000	-0.0337	0.8691	3.2815
329	0.3000	0.3000	-0.0367	0.8686	3.2811
330	0.3000	0.3000	-0.0397	0.8682	3.2811
331	0.3000	0.3000	-0.0427	0.8678	3.2815
332	0.3000	0.3000	-0.0456	0.8674	3.2815
333	0.3000	0.3000	-0.0486	0.8670	3.2811
334	0.3000	0.3000	-0.0515	0.8665	3.2811
335	0.3000	0.3000	-0.0545	0.8661	3.2815
336	0.0000	0.0000	-0.0575	0.8657	3.2811
0	0.0000	0.0000	-0.0605	0.8653	3.2811
1	-0.3000	0.3000	-0.0605	0.8653	3.2811
2	-0.3000	0.3000	-0.0605	0.8653	3.2811
3	-0.3000	0.3000	-0.0605	0.8653	3.3039
4	-0.3000	0.3000	-0.0605	0.8653	3.3279
5	-0.3000	0.3000	-0.0605	0.8653	3.3511
6	-0.3000	0.3000	-0.0605	0.8653	3.3744
7	-0.3000	0.3000	-0.0605	0.8653	3.3984
8	-0.3000	0.3000	-0.0605	0.8653	3.4216
9	-0.3000	0.3000	-0.0605	0.8653	3.4448
10	-0.3000	0.3000	-0.0605	0.8653	3.4680
11	-0.3000	0.3000	-0.0605	0.8653	3.4920
12	-0.3000	0.3000	-0.0605	0.8653	3.5152
13	-0.3000	0.3000	-0.0605	0.8653	3.5384
14	-0.3000	0.3000	-0.0606	0.8653	3.5620
15	-0.3000	0.3000	-0.0605	0.8653	3.5857
16	-0.3000	0.3000	-0.0605	0.8653	3.6089
17	-0.3000	0.3000	-0.0605	0.8653	3.6321
18	-0.3000	0.3000	-0.0605	0.8653	3.6561
19	-0.3000	0.3000	-0.0605	0.8653	3.6793
20	-0.3000	0.3000	-0.0605	0.8653	3.7025
21	-0.3000	0.3000	-0.0606	0.8653	3.7261
22	-0.3000	0.3000	-0.0605	0.8653	3.7497
23	-0.3000	0.3000	-0.0605	0.8653	3.7729
24	-0.3000	0.3000	-0.0605	0.8653	3.7962
25	-0.3000	0.3000	-0.0605	0.8653	3.8202
26	-0.3000	0.3000	-0.0605	0.8653	3.8434
27	-0.3000	0.3000	-0.0605	0.8653	3.8666
28	-0.3000	0.3000	-0.0606	0.8653	3.8902
29	-0.3000	0.3000	-0.0605	0.8653	3.9138
30	-0.3000	0.3000	-0.0605	0.8653	3.9370
31	-0.3000	0.3000	-0.0605	0.8653	3.9602
32	-0.3000	0.3000	-0.0605	0.8653	3.9842
33	-0.3000	0.3000	-0.0605	0.8653	4.0075
34	-0.3000	0.3000	-0.0605	0.8653	4.0307
35	-0.3000	0.3000	-0.0606	0.8652	4.0543
36	-0.3000	0.3000	-0.0605	0.8653	4.0779
37	-0.3000	0.3000	-0.0605	0.8653	4.1011
38	-0.3000	0.3000	-0.0605	0.8653	4.1243
39	-0.3000	0.3000	-0.0605	0.8653	4.1483
40	-0.3000	0.3000	-0.0605	0.8653	4.1715
41	-0.3000	0.3000	-0.0605	0.8653	4.1947
42	-0.3000	0.3000	-0.0605	0.8652	4.2183
43	-0.3000	0.3000	-0.0605	0.8653	4.2420
44	-0.3000	0.3000	-0.0605	0.8653	4.2652
45	-0.3000	0.3000	-0.0605	0.8653	4.2884
46	-0.3000	0.3000	-0.0605	0.8653	4.3124
47	-0.3000	0.3000	-0.0605	0.8653	4.3356
48	-0.3000	0.3000	-0.0605	0.8653	4.3588
49	-0.3000	0.3000	-0.0605	0.8653	4.3820
50	-0.3000	0.3000	-0.0605	0.8653	4.4060
51	-0.3000	0.3000	-0.0605	0.8653	4.4292
52	-0.3000	0.3000	-0.0605	0.8653	4.4525
53	-0.3000	0.3000	-0.0605	0.8653	4.4765
54	-0.3000	0.3000	-0.0605	0.8653	4.4997
55	-0.3000	0.3000	-0.0605	0.8653	4.5229
56	-0.3000	0.3000	-0.0605	0.8653	4.5461
57	-0.3000	0.3000	-0.0605	0.8653	4.5701
58	-0.3000	0.3000	-0.0605	0.8653	4.5933
59	-0.3000	0.3000	-0.0605	0.8653	4.6165
60	-0.3000	0.3000	-0.0605	0.8652	4.6401
61	-0.3000	0.3000	-0.0605	0.8653	4.6638
62	-0.3000	0.3000	-0.0605	0.8653	4.6870
63	-0.3000	0.3000	-0.0605	0.8653	4.7102
64	-0.3000	0.3000	-0.0605	0.8653	4.7342
65	-0.3000	0.3000	-0.0605	0.8653	4.7574
66	-0.3000	0.3000	-0.0605	0.8653	4.7806
67	-0.3000	0.3000	-0.0605	0.8652	4.8042
68	-0.3000	0.3000	-0.0605	0.8653	4.8278
69	-0.3000	0.3000	-0.0605	0.8653	4.8510
70	-0.3000	0.3000	-0.0605	0.8653	4.8743
71	0.0000	0.0000	-0.0605	0.8653	4.8983
0	0.0000	0.0000	-0.0605	0.8653	4.9215
1	0.3000	0.3000	-0.0605	0.8653	4.9215
2	0.3000	0.3000	-0.0605	0.8653	4.9215
3	0.3000	0.3000	-0.0599	0.8624	4.9219
4	0.3000	0.3000	-0.0593	0.8594	4.9219
5	0.3000	0.3000	-0.0587	0.8565	4.9219
6	0.3000	0.3000	-0.0580	0.8536	4.9219
7	0.3000	0.3000	-0.0574	0.8507	4.9215
8	0.3000	0.3000	-0.0568	0.8477	4.9219
9	0.3000	0.3000	-0.0562	0.8448	4.9219
10	0.3000	0.3000	-0.0556	0.8419	4.9219
11	0.3000	0.3000	-0.0549	0.8389	4.9219
12	0.3000	0.3000	-0.0543	0.8360	4.9219
13	0.3000	0.3000	-0.0537	0.8331	4.9219
14	0.3000	0.3000	-0.0531	0.8301	4.9215
15	0.3000	0.3000	-0.0524	0.8272	4.9219
16	0.3000	0.3000	-0.0518	0.8243	4.9219
17	0.3000	0.3000	-0.0512	0.8213	4.9219
18	0.3000	0.3000	-0.0505	0.8183	4.9219
19	0.3000	0.3000	-0.0499	0.8154	4.9219
20	0.3000	0.3000	-0.0493	0.8125	4.9219
21	0.3000	0.3000	-0.0487	0.8096	4.9219
22	0.3000	0.3000	-0.0481	0.8066	4.9219
23	0.3000	0.3000	-0.0474	0.8037	4.9219
24	0.3000	0.3000	-0.0468	0.8008	4.9219
25	0.3000	0.3000	-0.0462	0.7978	4.9215
26	0.3000	0.3000	-0.0456	0.7949	4.9219
27	0.3000	0.3000	-0.0449	0.7920	4.9219
28	0.3000	0.3000	-0.0443	0.7891	4.9219
29	0.3000	0.3000	-0.0437	0.7861	4.9219
30	0.3000	0.3000	-0.0431	0.7832	4.9219
31	0.3000	0.3000	-0.0425	0.7803	4.9219
32	0.3000	0.3000	-0.0418	0.7773	4.9215
33	0.3000	0.3000	-0.0412	0.7743	4.9219
34	0.3000	0.3000	-0.0406	0.7714	4.9219
35	0.3000	0.3000	-0.0400	0.7685	4.9219
36	0.3000	0.3000	-0.0393	0.7655	4.9219
37	0.3000	0.3000	-0.0387	0.7626	4.9219
38	0.3000	0.3000	-0.0381	0.7597	4.9219
39	0.3000	0.3000	-0.0375	0.7568	4.9215
40	0.3000	0.3000	-0.0368	0.7538	4.9219
41	0.3000	0.3000	-0.0362	0.7509	4.9219
42	0.3000	0.3000	-0.0356	0.7480	4.9219
43	0.3000	0.3000	-0.0350	0.7450	4.9219
44	0.3000	0.3000	-0.0343	0.7421	4.9219
45	0.3000	0.3000	-0.0337	0.7392	4.9219
46	0.3000	0.3000	-0.0331	0.7362	4.9215
47	0.3000	0.3000	-0.0325	0.7333	4.9219
48	0.3000	0.3000	-0.0318	0.7304	4.9219
49	0.3000	0.3000	-0.0312	0.7275	4.9219
50	0.3000	0.3000	-0.0306	0.7244	4.9219
51	0.3000	0.3000	-0.0300	0.7215	4.9219
52	0.3000	0.3000	-0.0294	0.7186	4.9219
53	0.3000	0.3000	-0.0287	0.7157	4.9215
54	0.3000	0.3000	-0.0281	0.7127	4.9219
55	0.3000	0.3000	-0.0275	0.7098	4.9219
56	0.3000	0.3000	-0.0269	0.7069	4.9219
57	0.3000	0.3000	-0.0262	0.7039	4.9219
58	0.3000	0.3000	-0.0256	0.7010	4.9219
59	0.3000	0.3000	-0.0250	0.6981	4.9219
60	0.3000	0.3000	-0.0244	0.6951	4.9215
61	0.3000	0.3000	-0.0237	0.6922	4.9219
62	0.3000	0.3000	-0.0231	0.6893	4.9219
63	0.3000	0.3000	-0.0225	0.6864	4.9219
64	0.3000	0.3000	-0.0219	0.6834	4.9219
65	0.3000	0.3000	-0.0212	0.6805	4.9219
66	0.3000	0.3000	-0.0206	0.6775	4.9219
67	0.3000	0.3000	-0.0200	0.6746	4.9219
68	0.3000	0.3000	-0.0194	0.6716	4.9219
69	0.3000	0.3000	-0.0187	0.6687	4.9219
70	0.3000	0.3000	-0.0181	0.6658	4.9219
71	0.3000	0.3000	-0.0175	0.6629	4.9215
72	0.3000	0.3000	-0.0169	0.6599	4.9219
73	0.3000	0.3000	-0.0163	0.6570	4.9219
74	0.3000	0.3000	-0.0156	0.6541	4.9219
75	0.3000	0.3000	-0.0150	0.6511	4.9219
76	0.3000	0.3000	-0.0144	0.6482	4.9219
77	0.3000	0.3000	-0.0138	0.6453	4.9219
78	0.3000	0.3000	-0.0131	0.6423	4.9215
79	0.3000	0.3000	-0.0125	0.6394	4.9219
80	0.3000	0.3000	-0.0119	0.6365	4.9219
81	0.3000	0.3000	-0.0113	0.6336	4.9219
82	0.3000	0.3000	-0.0106	0.6306	4.9219
83	0.3000	0.3000	-0.0100	0.6276	4.9219
84	0.3000	0.3000	-0.0094	0.6247	4.9219
85	0.3000	0.3000	-0.0088	0.6218	4.9215
86	0.3000	0.3000	-0.0081	0.6188	4.9219
87	0.3000	0.3000	-0.0075	0.6159	4.9219
88	0.3000	0.3000	-0.0069	0.6130	4.9219
89	0.3000	0.3000	-0.0063	0.6100	4.9219
90	0.3000	0.3000	-0.0056	0.6071	4.9219
91	0.3000	0.3000	-0.0050	0.6042	4.9219
92	0.3000	0.3000	-0.0044	0.6012	4.9215
93	0.3000	0.3000	-0.0038	0.5983	4.9219
94	0.3000	0.3000	-0.0032	0.5954	4.9219
95	0.3000	0.3000	-0.0025	0.5925	4.9219
96	0.3000	0.3000	-0.0019	0.5895	4.9219
97	0.3000	0.3000	-0.0013	0.5866	4.9219
98	0.3000	0.3000	-0.0007	0.5837	4.9219
99	0.3000	0.3000	-0.0000	0.5807	4.9215
100	0.3000	0.3000	0.0006	0.5777	4.9219
101	0.3000	0.3000	0.0012	0.5748	4.9219
102	0.3000	0.3000	0.0018	0.5719	4.9219
103	0.3000	0.3000	0.0025	0.5689	4.9219
104	0.3000	0.3000	0.0031	0.5660	4.9219
105	0.3000	0.3000	0.0037	0.5631	4.9219
106	0.3000	0.3000	0.0043	0.5602	4.9215
107	0.3000	0.3000	0.0050	0.5572	4.9219
108	0.3000	0.3000	0.0056	0.5543	4.9219
109	0.3000	0.3000	0.0062	0.5514	4.9219
110	0.3000	0.3000	0.0068	0.5484	4.9219
111	0.3000	0.3000	0.0075	0.5455	4.9219
112	0.3000	0.3000	0.0081	0.5426	4.9219
113	0.3000	0.3000	0.0087	0.5397	4.9219
114	0.3000	0.3000	0.0093	0.5367	4.9219
115	0.3000	0.3000	0.0099	0.5337	4.9219
116	0.3000	0.3000	0.0106	0.5308	4.9219
117	0.3000	0.3000	0.0112	0.5279	4.9215
118	0.3000	0.3000	0.0118	0.5249	4.9219
119	0.3000	0.3000	0.0124	0.5220	4.9219
120	0.3000	0.3000	0.0131	0.5191	4.9219
121	0.3000	0.3000	0.0137	0.5161	4.9219
122	0.3000	0.3000	0.0143	0.5132	4.9219
123	0.3000	0.3000	0.0149	0.5103	4.9219
124	0.3000	0.3000	0.0156	0.5073	4.9215
125	0.3000	0.3000	0.0162	0.5044	4.9219
126	0.3000	0.3000	0.0168	0.5015	4.9219
127	0.3000	0.3000	0.0174	0.4986	4.9219
128	0.3000	0.3000	0.0181	0.4956	4.9219
129	0.3000	0.3000	0.0187	0.4927	4.9219
130	0.3000	0.3000	0.0193	0.4898	4.9219
131	0.3000	0.3000	0.0199	0.4868	4.9215
132	0.3000	0.3000	0.0205	0.4838	4.9219
133	0.3000	0.3000	0.0212	0.4809	4.9219
134	0.3000	0.3000	0.0218	0.4780	4.9219
135	0.3000	0.3000	0.0224	0.4750	4.9219
136	0.3000	0.3000	0.0230	0.4721	4.9219
137	0.3000	0.3000	0.0237	0.4692	4.9219
138	0.3000	0.3000	0.0243	0.4663	4.9215
139	0.3000	0.3000	0.0249	0.4633	4.9219
140	0.3000	0.3000	0.0255	0.4604	4.9219
141	0.3000	0.3000	0.0262	0.4575	4.9219
142	0.3000	0.3000	0.0268	0.4545	4.9219
143	0.3000	0.3000	0.0274	0.4516	4.9219
144	0.3000	0.3000	0.0280	0.4487	4.9219
145	0.3000	0.3000	0.0287	0.4457	4.9215
146	0.3000	0.3000	0.0293	0.4428	4.9219
147	0.3000	0.3000	0.0299	0.4399	4.9219
148	0.3000	0.3000	0.0305	0.4369	4.9219
149	0.3000	0.3000	0.0312	0.4339	4.9219
150	0.3000	0.3000	0.0318	0.4310	4.9219
151	0.3000	0.3000	0.0324	0.4281	4.9219
152	0.3000	0.3000	0.0330	0.4252	4.9215
153	0.3000	0.3000	0.0336	0.4222	4.9219
154	0.3000	0.3000	0.0343	0.4193	4.9219
155	0.3000	0.3000	0.0349	0.4164	4.9219
156	0.3000	0.3000	0.0355	0.4134	4.9219
157	0.3000	0.3000	0.0361	0.4105	4.9219
158	0.3000	0.3000	0.0368	0.4076	4.9219
159	0.3000	0.3000	0.0374	0.4047	4.9219
160	0.3000	0.3000	0.0380	0.4017	4.9219
161	0.3000	0.3000	0.0386	0.3988	4.9219
162	0.3000	0.3000	0.0393	0.3959	4.9219
163	0.3000	0.3000	0.0399	0.3929	4.9215
164	0.3000	0.3000	0.0405	0.3899	4.9219
165	0.3000	0.3000	0.0411	0.3870	4.9219
166	0.3000	0.3000	0.0417	0.3841	4.9219
167	0.3000	0.3000	0.0424	0.3811	4.9219
168	0.3000	0.3000	0.0430	0.3782	4.9219
169	0.3000	0.3000	0.0436	0.3753	4.9219
170	0.3000	0.3000	0.0442	0.3724	4.9215
171	0.3000	0.3000	0.0449	0.3694	4.9219
172	0.3000	0.3000	0.0455	0.3665	4.9219
173	0.3000	0.3000	0.0461	0.3636	4.9219
174	0.3000	0.3000	0.0467	0.3606	4.9219
175	0.3000	0.3000	0.0474	0.3577	4.9219
176	0.3000	0.3000	0.0480	0.3548	4.9219
177	0.3000	0.3000	0.0486	0.3518	4.9215
178	0.3000	0.3000	0.0492	0.3489	4.9219
179	0.3000	0.3000	0.0499	0.3460	4.9219
180	0.3000	0.3000	0.0505	0.3431	4.9219
181	0.3000	0.3000	0.0511	0.3400	4.9219
182	0.3000	0.3000	0.0517	0.3371	4.9219
183	0.3000	0.3000	0.0523	0.3342	4.9219
184	0.3000	0.3000	0.0530	0.3313	4.9215
185	0.3000	0.3000	0.0536	0.3283	4.9219
186	0.3000	0.3000	0.0542	0.3254	4.9219
187	0.3000	0.3000	0.0548	0.3225	4.9219
188	0.3000	0.3000	0.0555	0.3195	4.9219
189	0.3000	0.3000	0.0561	0.3166	4.9219
190	0.3000	0.3000	0.0567	0.3137	4.9219
191	0.3000	0.3000	0.0573	0.3107	4.9215
192	0.3000	0.3000	0.0580	0.3078	4.9219
193	0.3000	0.3000	0.0586	0.3049	4.9219
194	0.3000	0.3000	0.0592	0.3020	4.9219
195	0.3000	0.3000	0.0598	0.2990	4.9219
196	0.3000	0.3000	0.0605	0.2961	4.9219
197	0.3000	0.3000	0.0611	0.2931	4.9219
198	0.3000	0.3000	0.0617	0.2902	4.9215
199	0.3000	0.3000	0.0623	0.2872	4.9219
200	0.3000	0.3000	0.0630	0.2843	4.9219
201	0.3000	0.3000	0.0636	0.2814	4.9219
202	0.3000	0.3000	0.0642	0.2784	4.9219
203	0.3000	0.3000	0.0648	0.2755	4.9219
204	0.3000	0.3000	0.0654	0.2726	4.9219
205	0.3000	0.3000	0.0661	0.2697	4.9219
206	0.3000	0.3000	0.0667	0.2667	4.9219
207	0.3000	0.3000	0.0673	0.2638	4.9219
208	0.3000	0.3000	0.0679	0.2609	4.9219
209	0.3000	0.3000	0.0686	0.2579	4.9215
210	0.3000	0.3000	0.0692	0.2550	4.9219
211	0.3000	0.3000	0.0698	0.2521	4.9219
212	0.3000	0.3000	0.0704	0.2492	4.9219
213	0.3000	0.3000	0.0711	0.2461	4.9219
214	0.3000	0.3000	0.0717	0.2432	4.9219
215	0.3000	0.3000	0.0723	0.2403	4.9219
216	0.3000	0.3000	0.0729	0.2374	4.9215
217	0.3000	0.3000	0.0736	0.2344	4.9219
218	0.3000	0.3000	0.0742	0.2315	4.9219
219	0.3000	0.3000	0.0748	0.2286	4.9219
220	0.3000	0.3000	0.0754	0.2256	4.9219
221	0.3000	0.3000	0.0761	0.2227	4.9219
222	0.3000	0.3000	0.0767	0.2198	4.9219
223	0.3000	0.3000	0.0773	0.2168	4.9215
224	0.3000	0.3000	0.0779	0.2139	4.9219
225	0.3000	0.3000	0.0785	0.2110	4.9219
226	0.3000	0.3000	0.0792	0.2081	4.9219
227	0.3000	0.3000	0.0798	0.2051	4.9219
228	0.3000	0.3000	0.0804	0.2022	4.9219
229	0.3000	0.3000	0.0810	0.1993	4.9219
230	0.3000	0.3000	0.0817	0.1963	4.9215
231	0.3000	0.3000	0.0823	0.1933	4.9219
232	0.3000	0.3000	0.0829	0.1904	4.9219
233	0.3000	0.3000	0.0835	0.1875	4.9219
234	0.3000	0.3000	0.0842	0.1845	4.9219
235	0.3000	0.3000	0.0848	0.1816	4.9219
236	0.3000	0.3000	0.0854	0.1787	4.9219
237	0.3000	0.3000	0.0860	0.1758	4.9215
238	0.3000	0.3000	0.0867	0.1728	4.9219
239	0.3000	0.3000	0.0873	0.1699	4.9219
240	0.3000	0.3000	0.0879	0.1670	4.9219
241	0.3000	0.3000	0.0885	0.1640	4.9219
242	0.3000	0.3000	0.0892	0.1611	4.9219
243	0.3000	0.3000	0.0898	0.1582	4.9219
244	0.3000	0.3000	0.0904	0.1552	4.9215
245	0.3000	0.3000	0.0910	0.1523	4.9219
246	0.3000	0.3000	0.0916	0.1493	4.9219
247	0.3000	0.3000	0.0923	0.1464	4.9219
248	0.3000	0.3000	0.0929	0.1434	4.9219
249	0.3000	0.3000	0.0935	0.1405	4.9219
250	0.3000	0.3000	0.0941	0.1376	4.9219
251	0.3000	0.3000	0.0948	0.1347	4.9219
252	0.3000	0.3000	0.0954	0.1317	4.9219
253	0.3000	0.3000	0.0960	0.1288	4.9219
254	0.3000	0.3000	0.0966	0.1259	4.9219
255	0.3000	0.3000	0.0973	0.1229	4.9215
256	0.3000	0.3000	0.0979	0.1200	4.9219
257	0.3000	0.3000	0.0985	0.1171	4.9219
258	0.3000	0.3000	0.0991	0.1142	4.9219
259	0.3000	0.3000	0.0998	0.1112	4.9219
260	0.3000	0.3000	0.1004	0.1083	4.9219
261	0.3000	0.3000	0.1010	0.1054	4.9219
262	0.3000	0.3000	0.1016	0.1024	4.9215
263	0.3000	0.3000	0.1023	0.0994	4.9219
264	0.3000	0.3000	0.1029	0.0965	4.9219
265	0.3000	0.3000	0.1035	0.0936	4.9219
266	0.3000	0.3000	0.1041	0.0906	4.9219
267	0.3000	0.3000	0.1047	0.0877	4.9219
268	0.3000	0.3000	0.1054	0.0848	4.9219
269	0.3000	0.3000	0.1060	0.0819	4.9215
270	0.3000	0.3000	0.1066	0.0789	4.9219
271	0.3000	0.3000	0.1072	0.0760	4.9219
272	0.3000	0.3000	0.1079	0.0731	4.9219
273	0.3000	0.3000	0.1085	0.0701	4.9219
274	0.3000	0.3000	0.1091	0.0672	4.9219
275	0.3000	0.3000	0.1097	0.0643	4.9219
276	0.3000	0.3000	0.1104	0.0613	4.9215
277	0.3000	0.3000	0.1110	0.0584	4.9219
278	0.3000	0.3000	0.1116	0.0555	4.9219
279	0.3000	0.3000	0.1122	0.0525	4.9219
280	0.3000	0.3000	0.1129	0.0495	4.9219
281	0.3000	0.3000	0.1135	0.0466	4.9219
282	0.3000	0.3000	0.1141	0.0437	4.9219
283	0.3000	0.3000	0.1147	0.0408	4.9215
284	0.3000	0.3000	0.1154	0.0378	4.9219
285	0.3000	0.3000	0.1160	0.0349	4.9219
286	0.3000	0.3000	0.1166	0.0320	4.9219
287	0.3000	0.3000	0.1172	0.0290	4.9219
288	0.3000	0.3000	0.1178	0.0261	4.9219
289	0.3000	0.3000	0.1185	0.0232	4.9219
290	0.3000	0.3000	0.1191	0.0202	4.9215
291	0.3000	0.3000	0.1197	0.0173	4.9219
292	0.3000	0.3000	0.1203	0.0144	4.9219
293	0.3000	0.3000	0.1210	0.0115	4.9219
294	0.3000	0.3000	0.1216	0.0085	4.9219
295	0.3000	0.3000	0.1222	0.0055	4.9219
296	0.3000	0.3000	0.1228	0.0026	4.9219
297	0.3000	0.3000	0.1234	-0.0003	4.9219
298	0.3000	0.3000	0.1241	-0.0033	4.9219
299	0.3000	0.3000	0.1247	-0.0062	4.9219
300	0.3000	0.3000	0.1253	-0.0091	4.9219
301	0.3000	0.3000	0.1259	-0.0120	4.9215
302	0.3000	0.3000	0.1266	-0.0150	4.9219
303	0.3000	0.3000	0.1272	-0.0179	4.9219
304	0.3000	0.3000	0.1278	-0.0208	4.9219
305	0.3000	0.3000	0.1285	-0.0238	4.9219
306	0.3000	0.3000	0.1291	-0.0267	4.9219
307	0.3000	0.3000	0.1297	-0.0296	4.9219
308	0.3000	0.3000	0.1303	-0.0326	4.9215
309	0.3000	0.3000	0.1309	-0.0355	4.9219
310	0.3000	0.3000	0.1316	-0.0384	4.9219
311	0.3000	0.3000	0.1322	-0.0413	4.9219
312	0.3000	0.3000	0.1328	-0.0444	4.9219
313	0.3000	0.3000	0.1334	-0.0473	4.9219
314	0.3000	0.3000	0.1341	-0.0502	4.9219
315	0.3000	0.3000	0.1347	-0.0531	4.9215
316	0.3000	0.3000	0.1353	-0.0561	4.9219
317	0.3000	0.3000	0.1359	-0.0590	4.9219
318	0.3000	0.3000	0.1365	-0.0619	4.9219
319	0.3000	0.3000	0.1372	-0.0649	4.9219
320	0.3000	0.3000	0.1378	-0.0678	4.9219
321	0.3000	0.3000	0.1384	-0.0707	4.9219
322	0.3000	0.3000	0.1390	-0.0737	4.9215
323	0.3000	0.3000	0.1397	-0.0766	4.9219
324	0.3000	0.3000	0.1403	-0.0795	4.9219
325	0.3000	0.3000	0.1409	-0.0824	4.9219
326	0.3000	0.3000	0.1416	-0.0854	4.9219
327	0.3000	0.3000	0.1422	-0.0883	4.9219
328	0.3000	0.3000	0.1428	-0.0913	4.9219
329	0.3000	0.3000	0.1434	-0.0942	4.9215
330	0.3000	0.3000	0.1440	-0.0972	4.9219
331	0.3000	0.3000	0.1447	-0.1001	4.9219
332	0.3000	0.3000	0.1453	-0.1030	4.9219
333	0.3000	0.3000	0.1459	-0.1060	4.9219
334	0.3000	0.3000	0.1465	-0.1089	4.9219
335	0.3000	0.3000	0.1472	-0.1118	4.9219
336	0.3000	0.3000	0.1478	-0.1148	4.9215
337	0.0000	0.0000	0.1484	-0.1177	4.9219
0	0.0000	0.0000	0.1490	-0.1206	4.9219
1	-0.3000	0.3000	0.1490	-0.1206	4.9219
2	-0.3000	0.3000	0.1490	-0.1206	4.9219
3	-0.3000	0.3000	0.1490	-0.1207	4.9447
4	-0.3000	0.3000	0.1491	-0.1207	4.9683
5	-0.3000	0.3000	0.1490	-0.1207	4.9919
6	-0.3000	0.3000	0.1490	-0.1207	5.0151
7	-0.3000	0.3000	0.1490	-0.1207	5.0383
8	-0.3000	0.3000	0.1490	-0.1207	5.0623
9	-0.3000	0.3000	0.1490	-0.1207	5.0855
10	-0.3000	0.3000	0.1490	-0.1207	5.1088
11	-0.3000	0.3000	0.1490	-0.1207	5.1320
12	-0.3000	0.3000	0.1490	-0.1207	5.1560
13	-0.3000	0.3000	0.1490	-0.1207	5.1792
14	-0.3000	0.3000	0.1490	-0.1207	5.2024
15	-0.3000	0.3000	0.1490	-0.1207	5.2264
16	-0.3000	0.3000	0.1490	-0.1207	5.2496
17	-0.3000	0.3000	0.1490	-0.1207	5.2728
18	-0.3000	0.3000	0.1490	-0.1207	5.2960
19	-0.3000	0.3000	0.1490	-0.1207	5.3201
20	-0.3000	0.3000	0.1490	-0.1207	5.3433
21	-0.3000	0.3000	0.1490	-0.1207	5.3665
22	-0.3000	0.3000	0.1490	-0.1207	5.3905
23	-0.3000	0.3000	0.1490	-0.1207	5.4137
24	-0.3000	0.3000	0.1490	-0.1207	5.4369
25	-0.3000	0.3000	0.1490	-0.1207	5.4601
26	-0.3000	0.3000	0.1490	-0.1207	5.4841
27	-0.3000	0.3000	0.1490	-0.1207	5.5073
28	-0.3000	0.3000	0.1490	-0.1207	5.5306
29	-0.3000	0.3000	0.1490	-0.1207	5.5546
30	-0.3000	0.3000	0.1490	-0.1207	5.5778
31	-0.3000	0.3000	0.1490	-0.1207	5.6010
32	-0.3000	0.3000	0.1490	-0.1207	5.6242
33	-0.3000	0.3000	0.1490	-0.1207	5.6482
34	-0.3000	0.3000	0.1490	-0.1207	5.6714
35	-0.3000	0.3000	0.1490	-0.1207	5.6946
36	-0.3000	0.3000	0.1490	-0.1207	5.7186
37	-0.3000	0.3000	0.1490	-0.1207	5.7419
38	-0.3000	0.3000	0.1490	-0.1207	5.7651
39	-0.3000	0.3000	0.1490	-0.1207	5.7883
40	-0.3000	0.3000	0.1490	-0.1207	5.8123
41	-0.3000	0.3000	0.1490	-0.1207	5.8355
42	-0.3000	0.3000	0.1490	-0.1207	5.8587
43	-0.3000	0.3000	0.1490	-0.1207	5.8827
44	-0.3000	0.3000	0.1490	-0.1207	5.9059
45	-0.3000	0.3000	0.1490	-0.1207	5.9291
46	-0.3000	0.3000	0.1490	-0.1207	5.9524
47	-0.3000	0.3000	0.1490	-0.1207	5.9764
48	-0.3000	0.3000	0.1490	-0.1207	5.9996
49	-0.3000	0.3000	0.1490	-0.1207	6.0228
50	-0.3000	0.3000	0.1491	-0.1207	6.0464
51	-0.3000	0.3000	0.1490	-0.1207	6.0700
52	-0.3000	0.3000	0.1490	-0.1207	6.0932
53	-0.3000	0.3000	0.1490	-0.1207	6.1164
54	-0.3000	0.3000	0.1490	-0.1207	6.1404
55	-0.3000	0.3000	0.1490	-0.1207	6.1636
56	-0.3000	0.3000	0.1490	-0.1207	6.1869
57	-0.3000	0.3000	0.1490	-0.1207	6.2101
58	-0.3000	0.3000	0.1490	-0.1207	6.2341
59	-0.3000	0.3000	0.1490	-0.1207	6.2573
60	-0.3000	0.3000	0.1490	-0.1207	6.2805
61	-0.3000	0.3000	0.1490	-0.1207	6.3045
62	-0.3000	0.3000	0.1490	-0.1207	6.3277
63	-0.3000	0.3000	0.1490	-0.1207	6.3509
64	-0.3000	0.3000	0.1490	-0.1207	6.3741
65	-0.3000	0.3000	0.1490	-0.1207	6.3982
66	-0.3000	0.3000	0.1490	-0.1207	6.4214
67	-0.3000	0.3000	0.1490	-0.1207	6.4446
68	-0.3000	0.3000	0.1490	-0.1207	6.4686
69	-0.3000	0.3000	0.1490	-0.1207	6.4918
70	-0.3000	0.3000	0.1490	-0.1207	6.5150
71	0.0000	0.0000	0.1490	-0.1207	6.5382
0	0.0000	0.0000	0.1490	-0.1207	6.5622
